# Exported from Wings 3D 1.5.4
mtllib libra_fuel_tank_s1_s0p5_1.mtl
o libra_fuel_tank_s1_s0p5_1
#386 vertices, 384 faces
v -1.2500000e-2 -0.15480769 -0.63846154
v -1.2500000e-2 0.17403846 -0.50144231
v 1.2500000e-2 -0.15480769 -0.63846154
v 1.2500000e-2 0.17403846 -0.50144231
v -1.2500000e-2 0.16383882 -0.47696317
v -1.2500000e-2 -0.16500733 -0.61398240
v -2.4459601e-16 -0.16442308 -0.61538462
v -7.1123663e-17 0.16442308 -0.47836538
v 1.2500000e-2 -0.16500733 -0.61398240
v 1.2500000e-2 0.16383882 -0.47696317
v -1.2500000e-2 -0.15480769 0.63846154
v -1.2500000e-2 0.17403846 0.50144231
v 1.2500000e-2 -0.15480769 0.63846154
v 1.2500000e-2 0.17403846 0.50144231
v -1.2500000e-2 0.16383882 0.47696317
v -1.2500000e-2 -0.16500733 0.61398240
v -2.4459601e-16 -0.16442308 0.61538462
v -7.1123663e-17 0.16442308 0.47836538
v 1.2500000e-2 -0.16500733 0.61398240
v 1.2500000e-2 0.16383882 0.47696317
v 0.15317193 -0.15480769 -0.61994173
v 0.11770875 0.17403846 -0.48759131
v 0.17732008 -0.15480769 -0.61347125
v 0.14185689 0.17403846 -0.48112084
v 0.11137308 0.16383882 -0.46394628
v 0.14683627 -0.16500733 -0.59629669
v 0.15927326 -0.16442308 -0.59441589
v 0.12381007 0.16442308 -0.46206548
v 0.17098441 -0.16500733 -0.58982622
v 0.13552122 0.16383882 -0.45747580
v -0.17732008 -0.15480769 0.61347125
v -0.14185689 0.17403846 0.48112084
v -0.15317193 -0.15480769 0.61994173
v -0.11770875 0.17403846 0.48759131
v -0.13552122 0.16383882 0.45747580
v -0.17098441 -0.16500733 0.58982622
v -0.15927326 -0.16442308 0.59441589
v -0.12381007 0.16442308 0.46206548
v -0.14683627 -0.16500733 0.59629669
v -0.11137308 0.16383882 0.46394628
v -0.17732008 -0.15480769 -0.61347125
v -0.14185689 0.17403846 -0.48112084
v -0.15317193 -0.15480769 -0.61994173
v -0.11770875 0.17403846 -0.48759131
v -0.13552122 0.16383882 -0.45747580
v -0.17098441 -0.16500733 -0.58982622
v -0.15927326 -0.16442308 -0.59441589
v -0.12381007 0.16442308 -0.46206548
v -0.14683627 -0.16500733 -0.59629669
v -0.11137308 0.16383882 -0.46394628
v 0.15317193 -0.15480769 0.61994173
v 0.11770875 0.17403846 0.48759131
v 0.17732008 -0.15480769 0.61347125
v 0.14185689 0.17403846 0.48112084
v 0.11137308 0.16383882 0.46394628
v 0.14683627 -0.16500733 0.59629669
v 0.15927326 -0.16442308 0.59441589
v 0.12381007 0.16442308 0.46206548
v 0.17098441 -0.16500733 0.58982622
v 0.13552122 0.16383882 0.45747580
v -0.44262165 -0.15480769 0.46029932
v -0.34573442 0.17403846 0.36341209
v -0.46029932 -0.15480769 0.44262165
v -0.36341209 0.17403846 0.34573442
v -0.32842506 0.16383882 0.34610273
v -0.42531228 -0.16500733 0.44298995
v -0.43514263 -0.16442308 0.43514263
v -0.33825541 0.16442308 0.33825541
v -0.44298995 -0.16500733 0.42531228
v -0.34610273 0.16383882 0.32842506
v 0.46029932 -0.15480769 -0.44262165
v 0.36341209 0.17403846 -0.34573442
v 0.44262165 -0.15480769 -0.46029932
v 0.34573442 0.17403846 -0.36341209
v 0.34610273 0.16383882 -0.32842506
v 0.44298995 -0.16500733 -0.42531228
v 0.43514263 -0.16442308 -0.43514263
v 0.33825541 0.16442308 -0.33825541
v 0.42531228 -0.16500733 -0.44298995
v 0.32842506 0.16383882 -0.34610273
v -0.54667391 -0.15480769 0.33005609
v -0.42801178 0.17403846 0.26154647
v -0.55917391 -0.15480769 0.30840545
v -0.44051178 0.17403846 0.23989584
v -0.40681222 0.16383882 0.24930690
v -0.52547436 -0.16500733 0.31781652
v -0.53293871 -0.16442308 0.30769231
v -0.41427658 0.16442308 0.23918269
v -0.53797436 -0.16500733 0.29616588
v -0.41931222 0.16383882 0.22765627
v 0.55917391 -0.15480769 -0.30840545
v 0.44051178 0.17403846 -0.23989584
v 0.54667391 -0.15480769 -0.33005609
v 0.42801178 0.17403846 -0.26154647
v 0.41931222 0.16383882 -0.22765627
v 0.53797436 -0.16500733 -0.29616588
v 0.53293871 -0.16442308 -0.30769231
v 0.41427658 0.16442308 -0.23918269
v 0.52547436 -0.16500733 -0.31781652
v 0.40681222 0.16383882 -0.24930690
v -0.30840545 -0.15480769 0.55917391
v -0.23989584 0.17403846 0.44051178
v -0.33005609 -0.15480769 0.54667391
v -0.26154647 0.17403846 0.42801178
v -0.22765627 0.16383882 0.41931222
v -0.29616588 -0.16500733 0.53797436
v -0.30769231 -0.16442308 0.53293871
v -0.23918269 0.16442308 0.41427658
v -0.31781652 -0.16500733 0.52547436
v -0.24930690 0.16383882 0.40681222
v 0.33005609 -0.15480769 -0.54667391
v 0.26154647 0.17403846 -0.42801178
v 0.30840545 -0.15480769 -0.55917391
v 0.23989584 0.17403846 -0.44051178
v 0.24930690 0.16383882 -0.40681222
v 0.31781652 -0.16500733 -0.52547436
v 0.30769231 -0.16442308 -0.53293871
v 0.23918269 0.16442308 -0.41427658
v 0.29616588 -0.16500733 -0.53797436
v 0.22765627 0.16383882 -0.41931222
v -0.63846154 -0.15480769 1.2500000e-2
v -0.50144231 0.17403846 1.2500000e-2
v -0.63846154 -0.15480769 -1.2500000e-2
v -0.50144231 0.17403846 -1.2500000e-2
v -0.47696317 0.16383882 1.2500000e-2
v -0.61398240 -0.16500733 1.2500000e-2
v -0.61538462 -0.16442308 -7.7488152e-18
v -0.47836538 0.16442308 -1.4652669e-16
v -0.61398240 -0.16500733 -1.2500000e-2
v -0.47696317 0.16383882 -1.2500000e-2
v 0.63846154 -0.15480769 1.2500000e-2
v 0.50144231 0.17403846 1.2500000e-2
v 0.63846154 -0.15480769 -1.2500000e-2
v 0.50144231 0.17403846 -1.2500000e-2
v 0.47696317 0.16383882 1.2500000e-2
v 0.61398240 -0.16500733 1.2500000e-2
v 0.61538462 -0.16442308 1.5878464e-16
v 0.47836538 0.16442308 -7.7488152e-18
v 0.61398240 -0.16500733 -1.2500000e-2
v 0.47696317 0.16383882 -1.2500000e-2
v -0.61994173 -0.15480769 -0.15317193
v -0.48759131 0.17403846 -0.11770875
v -0.61347125 -0.15480769 -0.17732008
v -0.48112084 0.17403846 -0.14185689
v -0.46394628 0.16383882 -0.11137308
v -0.59629669 -0.16500733 -0.14683627
v -0.59441589 -0.16442308 -0.15927326
v -0.46206548 0.16442308 -0.12381007
v -0.58982622 -0.16500733 -0.17098441
v -0.45747580 0.16383882 -0.13552122
v 0.61347125 -0.15480769 0.17732008
v 0.48112084 0.17403846 0.14185689
v 0.61994173 -0.15480769 0.15317193
v 0.48759131 0.17403846 0.11770875
v 0.45747580 0.16383882 0.13552122
v 0.58982622 -0.16500733 0.17098441
v 0.59441589 -0.16442308 0.15927326
v 0.46206548 0.16442308 0.12381007
v 0.59629669 -0.16500733 0.14683627
v 0.46394628 0.16383882 0.11137308
v -0.61347125 -0.15480769 0.17732008
v -0.48112084 0.17403846 0.14185689
v -0.61994173 -0.15480769 0.15317193
v -0.48759131 0.17403846 0.11770875
v -0.45747580 0.16383882 0.13552122
v -0.58982622 -0.16500733 0.17098441
v -0.59441589 -0.16442308 0.15927326
v -0.46206548 0.16442308 0.12381007
v -0.59629669 -0.16500733 0.14683627
v -0.46394628 0.16383882 0.11137308
v 0.61994173 -0.15480769 -0.15317193
v 0.48759131 0.17403846 -0.11770875
v 0.61347125 -0.15480769 -0.17732008
v 0.48112084 0.17403846 -0.14185689
v 0.46394628 0.16383882 -0.11137308
v 0.59629669 -0.16500733 -0.14683627
v 0.59441589 -0.16442308 -0.15927326
v 0.46206548 0.16442308 -0.12381007
v 0.58982622 -0.16500733 -0.17098441
v 0.45747580 0.16383882 -0.13552122
v -0.46029932 -0.15480769 -0.44262165
v -0.36341209 0.17403846 -0.34573442
v -0.44262165 -0.15480769 -0.46029932
v -0.34573442 0.17403846 -0.36341209
v -0.34610273 0.16383882 -0.32842506
v -0.44298995 -0.16500733 -0.42531228
v -0.43514263 -0.16442308 -0.43514263
v -0.33825541 0.16442308 -0.33825541
v -0.42531228 -0.16500733 -0.44298995
v -0.32842506 0.16383882 -0.34610273
v 0.44262165 -0.15480769 0.46029932
v 0.34573442 0.17403846 0.36341209
v 0.46029932 -0.15480769 0.44262165
v 0.36341209 0.17403846 0.34573442
v 0.32842506 0.16383882 0.34610273
v 0.42531228 -0.16500733 0.44298995
v 0.43514263 -0.16442308 0.43514263
v 0.33825541 0.16442308 0.33825541
v 0.44298995 -0.16500733 0.42531228
v 0.34610273 0.16383882 0.32842506
v -0.33005609 -0.15480769 -0.54667391
v -0.26154647 0.17403846 -0.42801178
v -0.30840545 -0.15480769 -0.55917391
v -0.23989584 0.17403846 -0.44051178
v -0.24930690 0.16383882 -0.40681222
v -0.31781652 -0.16500733 -0.52547436
v -0.30769231 -0.16442308 -0.53293871
v -0.23918269 0.16442308 -0.41427658
v -0.29616588 -0.16500733 -0.53797436
v -0.22765627 0.16383882 -0.41931222
v 0.30840545 -0.15480769 0.55917391
v 0.23989584 0.17403846 0.44051178
v 0.33005609 -0.15480769 0.54667391
v 0.26154647 0.17403846 0.42801178
v 0.22765627 0.16383882 0.41931222
v 0.29616588 -0.16500733 0.53797436
v 0.30769231 -0.16442308 0.53293871
v 0.23918269 0.16442308 0.41427658
v 0.31781652 -0.16500733 0.52547436
v 0.24930690 0.16383882 0.40681222
v -0.55917391 -0.15480769 -0.30840545
v -0.44051178 0.17403846 -0.23989584
v -0.54667391 -0.15480769 -0.33005609
v -0.42801178 0.17403846 -0.26154647
v -0.41931222 0.16383882 -0.22765627
v -0.53797436 -0.16500733 -0.29616588
v -0.53293871 -0.16442308 -0.30769231
v -0.41427658 0.16442308 -0.23918269
v -0.52547436 -0.16500733 -0.31781652
v -0.40681222 0.16383882 -0.24930690
v 0.54667391 -0.15480769 0.33005609
v 0.42801178 0.17403846 0.26154647
v 0.55917391 -0.15480769 0.30840545
v 0.44051178 0.17403846 0.23989584
v 0.40681222 0.16383882 0.24930690
v 0.52547436 -0.16500733 0.31781652
v 0.53293871 -0.16442308 0.30769231
v 0.41427658 0.16442308 0.23918269
v 0.53797436 -0.16500733 0.29616588
v 0.41931222 0.16383882 0.22765627
v 0.46875000 0.18750000 -1.7817056e-17
v 0.45277773 0.18750000 0.12132143
v 0.40594941 0.18750000 0.23437500
v 0.33145630 0.18750000 0.33145630
v 0.23437500 0.18750000 0.40594941
v 0.12132143 0.18750000 0.45277773
v -4.5023088e-17 0.18750000 0.46875000
v -0.12132143 0.18750000 0.45277773
v -0.23437500 0.18750000 0.40594941
v -0.33145630 0.18750000 0.33145630
v -0.40594941 0.18750000 0.23437500
v -0.45277773 0.18750000 0.12132143
v -0.46875000 0.18750000 3.9588263e-17
v -0.45277773 0.18750000 -0.12132143
v -0.40594941 0.18750000 -0.23437500
v -0.33145630 0.18750000 -0.33145630
v -0.23437500 0.18750000 -0.40594941
v -0.12132143 0.18750000 -0.45277773
v -1.5983373e-16 0.18750000 -0.46875000
v 0.12132143 0.18750000 -0.45277773
v 0.23437500 0.18750000 -0.40594941
v 0.33145630 0.18750000 -0.33145630
v 0.40594941 0.18750000 -0.23437500
v 0.45277773 0.18750000 -0.12132143
v 0.62500000 -0.18750000 -2.7556303e-17
v 0.60370364 -0.18750000 0.16176190
v 0.54126588 -0.18750000 0.31250000
v 0.44194174 -0.18750000 0.44194174
v 0.31250000 -0.18750000 0.54126588
v 0.16176190 -0.18750000 0.60370364
v -2.7649280e-17 -0.18750000 0.62500000
v -0.16176190 -0.18750000 0.60370364
v -0.31250000 -0.18750000 0.54126588
v -0.44194174 -0.18750000 0.44194174
v -0.54126588 -0.18750000 0.31250000
v -0.60370364 -0.18750000 0.16176190
v -0.62500000 -0.18750000 4.8984122e-17
v -0.60370364 -0.18750000 -0.16176190
v -0.54126588 -0.18750000 -0.31250000
v -0.44194174 -0.18750000 -0.44194174
v -0.31250000 -0.18750000 -0.54126588
v -0.16176190 -0.18750000 -0.60370364
v -1.8073013e-16 -0.18750000 -0.62500000
v 0.16176190 -0.18750000 -0.60370364
v 0.31250000 -0.18750000 -0.54126588
v 0.44194174 -0.18750000 -0.44194174
v 0.54126588 -0.18750000 -0.31250000
v 0.60370364 -0.18750000 -0.16176190
v 0.33203700 0.18750000 8.8969047e-2
v 0.34375000 0.18750000 -1.6303991e-17
v 0.33203700 0.18750000 -8.8969047e-2
v 0.29769623 0.18750000 -0.17187500
v 0.24306796 0.18750000 -0.24306796
v 0.17187500 0.18750000 -0.29769623
v 8.8969047e-2 0.18750000 -0.33203700
v -1.4558377e-16 0.18750000 -0.34375000
v -8.8969047e-2 0.18750000 -0.33203700
v -0.17187500 0.18750000 -0.29769623
v -0.24306796 0.18750000 -0.24306796
v -0.29769623 0.18750000 -0.17187500
v -0.33203700 0.18750000 -8.8969047e-2
v -0.34375000 0.18750000 2.5793242e-17
v -0.33203700 0.18750000 8.8969047e-2
v -0.29769623 0.18750000 0.17187500
v -0.24306796 0.18750000 0.24306796
v -0.17187500 0.18750000 0.29769623
v -8.8969047e-2 0.18750000 0.33203700
v -6.1389298e-17 0.18750000 0.34375000
v 8.8969047e-2 0.18750000 0.33203700
v 0.17187500 0.18750000 0.29769623
v 0.24306796 0.18750000 0.24306796
v 0.29769623 0.18750000 0.17187500
v 0.33203700 0.12500000 8.8969047e-2
v 0.34375000 0.12500000 -1.7190267e-17
v 0.33203700 0.12500000 -8.8969047e-2
v 0.29769623 0.12500000 -0.17187500
v 0.24306796 0.12500000 -0.24306796
v 0.17187500 0.12500000 -0.29769623
v 8.8969047e-2 0.12500000 -0.33203700
v -1.4558377e-16 0.12500000 -0.34375000
v -8.8969047e-2 0.12500000 -0.33203700
v -0.17187500 0.12500000 -0.29769623
v -0.24306796 0.12500000 -0.24306796
v -0.29769623 0.12500000 -0.17187500
v -0.33203700 0.12500000 -8.8969047e-2
v -0.34375000 0.12500000 2.4906967e-17
v -0.33203700 0.12500000 8.8969047e-2
v -0.29769623 0.12500000 0.17187500
v -0.24306796 0.12500000 0.24306796
v -0.17187500 0.12500000 0.29769623
v -8.8969047e-2 0.12500000 0.33203700
v -6.1389298e-17 0.12500000 0.34375000
v 8.8969047e-2 0.12500000 0.33203700
v 0.17187500 0.12500000 0.29769623
v 0.24306796 0.12500000 0.24306796
v 0.29769623 0.12500000 0.17187500
v 0.50000000 -0.18750000 -2.5281533e-17
v 0.48296291 -0.18750000 0.12940952
v 0.43301270 -0.18750000 0.25000000
v 0.35355339 -0.18750000 0.35355339
v 0.25000000 -0.18750000 0.43301270
v 0.12940952 -0.18750000 0.48296291
v -4.3398698e-17 -0.18750000 0.50000000
v -0.12940952 -0.18750000 0.48296291
v -0.25000000 -0.18750000 0.43301270
v -0.35355339 -0.18750000 0.35355339
v -0.43301270 -0.18750000 0.25000000
v -0.48296291 -0.18750000 0.12940952
v -0.50000000 -0.18750000 3.5950807e-17
v -0.48296291 -0.18750000 -0.12940952
v -0.43301270 -0.18750000 -0.25000000
v -0.35355339 -0.18750000 -0.35355339
v -0.25000000 -0.18750000 -0.43301270
v -0.12940952 -0.18750000 -0.48296291
v -1.6586338e-16 -0.18750000 -0.50000000
v 0.12940952 -0.18750000 -0.48296291
v 0.25000000 -0.18750000 -0.43301270
v 0.35355339 -0.18750000 -0.35355339
v 0.43301270 -0.18750000 -0.25000000
v 0.48296291 -0.18750000 -0.12940952
v 0.50000000 -0.12500000 -2.6957147e-17
v 0.48296291 -0.12500000 0.12940952
v 0.43301270 -0.12500000 0.25000000
v 0.35355339 -0.12500000 0.35355339
v 0.25000000 -0.12500000 0.43301270
v 0.12940952 -0.12500000 0.48296291
v -4.3398698e-17 -0.12500000 0.50000000
v -0.12940952 -0.12500000 0.48296291
v -0.25000000 -0.12500000 0.43301270
v -0.35355339 -0.12500000 0.35355339
v -0.43301270 -0.12500000 0.25000000
v -0.48296291 -0.12500000 0.12940952
v -0.50000000 -0.12500000 3.4275193e-17
v -0.48296291 -0.12500000 -0.12940952
v -0.43301270 -0.12500000 -0.25000000
v -0.35355339 -0.12500000 -0.35355339
v -0.25000000 -0.12500000 -0.43301270
v -0.12940952 -0.12500000 -0.48296291
v -1.6586338e-16 -0.12500000 -0.50000000
v 0.12940952 -0.12500000 -0.48296291
v 0.25000000 -0.12500000 -0.43301270
v 0.35355339 -0.12500000 -0.35355339
v 0.43301270 -0.12500000 -0.25000000
v 0.48296291 -0.12500000 -0.12940952
v -9.9457479e-17 0.12500000 1.5542453e-17
v -7.8640798e-17 -0.12500000 -2.7177334e-17
vt 1.8828805e-2 8.6427201e-2
vt 1.8828805e-2 8.6427201e-2
vt 1.8828805e-2 8.6427201e-2
vt 1.8828805e-2 8.6427201e-2
vt 1.8828805e-2 8.6427201e-2
vt 1.8828805e-2 8.6427201e-2
vt 1.8828805e-2 8.6427201e-2
vt 1.8828805e-2 8.6427201e-2
vt 1.8956848e-2 0.50048186
vt 1.8956848e-2 0.50048186
vt 1.8956848e-2 0.50048186
vt 1.8956848e-2 0.50048186
vt 1.8956848e-2 0.50048186
vt 1.8959745e-2 0.17418519
vt 1.8959745e-2 0.17418519
vt 1.8959745e-2 0.17418519
vt 1.8959745e-2 0.17418519
vt 1.8959745e-2 0.17418519
vt 1.8959745e-2 0.17418519
vt 1.8959745e-2 0.17418519
vt 1.8959745e-2 0.17418519
vt 2.2143548e-2 0.19836858
vt 2.2143548e-2 0.19836858
vt 2.2143548e-2 0.19836858
vt 2.2143548e-2 0.19836858
vt 2.2143548e-2 0.19836858
vt 2.2143548e-2 0.19836858
vt 2.2143548e-2 0.19836858
vt 2.2143548e-2 0.19836858
vt 2.2153363e-2 0.11167973
vt 2.2153363e-2 0.11167973
vt 2.2153363e-2 0.11167973
vt 2.2153363e-2 0.11167973
vt 2.2153363e-2 0.11167973
vt 2.2153363e-2 0.11167973
vt 2.2153363e-2 0.11167973
vt 2.2153363e-2 0.11167973
vt 2.6977960e-2 0.57961527
vt 2.6977960e-2 0.57961527
vt 2.6977960e-2 0.57961527
vt 2.6977960e-2 0.57961527
vt 2.6977960e-2 0.57961527
vt 2.6977960e-2 0.57961527
vt 2.8968827e-2 0.21685340
vt 2.8968827e-2 0.21685340
vt 2.8968827e-2 0.21685340
vt 2.8968827e-2 0.22904943
vt 2.8968827e-2 0.22904943
vt 2.8968827e-2 0.22904943
vt 2.8968827e-2 0.22904943
vt 2.8968827e-2 0.21685340
vt 2.8968827e-2 0.22904943
vt 3.0763401e-2 0.24834997
vt 3.0763401e-2 0.24834997
vt 3.0763401e-2 0.24834997
vt 3.0763401e-2 0.24834997
vt 3.0763401e-2 0.24834997
vt 3.0763401e-2 0.24834997
vt 3.0763401e-2 0.24834997
vt 3.0763401e-2 0.24834997
vt 3.1900473e-2 0.13521133
vt 3.1900473e-2 0.13521133
vt 3.1900473e-2 0.13521133
vt 3.1900473e-2 0.13521133
vt 3.1900473e-2 0.13521133
vt 3.1900473e-2 0.13521133
vt 3.1900473e-2 0.13521133
vt 3.1900473e-2 0.13521133
vt 3.3947204e-2 0.27253336
vt 3.3947204e-2 0.27253336
vt 3.3947204e-2 0.27253336
vt 3.3947204e-2 0.27253336
vt 3.3947204e-2 0.27253336
vt 3.3947204e-2 0.27253336
vt 3.3947204e-2 0.27253336
vt 3.3947204e-2 0.27253336
vt 4.0908090e-2 0.29100819
vt 4.0908090e-2 0.30320422
vt 4.0908090e-2 0.29100819
vt 4.0908090e-2 0.29100819
vt 4.0908090e-2 0.29100819
vt 4.0908090e-2 0.30320422
vt 4.0908090e-2 0.29100819
vt 4.0908090e-2 0.29100819
vt 4.0908090e-2 0.30320422
vt 4.0908090e-2 0.30320422
vt 4.0908090e-2 0.29100819
vt 4.0908090e-2 0.30320422
vt 4.7405887e-2 0.15541838
vt 4.7405887e-2 0.15541838
vt 4.7405887e-2 0.15541838
vt 4.7405887e-2 0.15541838
vt 4.7405887e-2 0.15541838
vt 4.7405887e-2 0.15541838
vt 4.7405887e-2 0.15541838
vt 4.7405887e-2 0.15541838
vt 4.7613975e-2 0.19836858
vt 4.7613975e-2 0.19836858
vt 4.7613975e-2 0.19836858
vt 4.7613975e-2 0.19836858
vt 4.7613975e-2 0.19836858
vt 4.7613975e-2 0.19836858
vt 4.7613975e-2 0.19836858
vt 4.7613975e-2 0.19836858
vt 4.9692111e-2 1.9767340e-2
vt 4.9692111e-2 1.9767340e-2
vt 4.9692111e-2 1.9767340e-2
vt 4.9692111e-2 1.9767340e-2
vt 4.9692111e-2 1.9767340e-2
vt 4.9692111e-2 1.9767340e-2
vt 4.9692111e-2 1.9767340e-2
vt 4.9692111e-2 1.9767340e-2
vt 5.0797779e-2 0.17418519
vt 5.0797779e-2 0.17418519
vt 5.0797779e-2 0.17418519
vt 5.0797779e-2 0.17418519
vt 5.0797779e-2 0.17418519
vt 5.0797779e-2 0.17418519
vt 5.0797779e-2 0.17418519
vt 5.0797779e-2 0.17418519
vt 5.1041297e-2 0.50048186
vt 5.1041297e-2 0.57961527
vt 5.1041297e-2 0.50048186
vt 5.1041297e-2 0.57961527
vt 5.1041297e-2 0.50048186
vt 5.1041297e-2 0.57961527
vt 5.1041297e-2 0.50048186
vt 5.1041297e-2 0.57961527
vt 5.1041297e-2 0.50048186
vt 5.1041297e-2 0.57961527
vt 5.1255351e-2 0.17418519
vt 5.1255351e-2 0.17418519
vt 5.1255351e-2 0.17418519
vt 5.1255351e-2 0.17418519
vt 5.1255351e-2 0.17418519
vt 5.1255351e-2 0.17418519
vt 5.1255351e-2 0.17418519
vt 5.1255351e-2 0.17418519
vt 5.1458123e-2 0.27253336
vt 5.1458123e-2 0.27253336
vt 5.1458123e-2 0.27253336
vt 5.1458123e-2 0.27253336
vt 5.1458123e-2 0.27253336
vt 5.1458123e-2 0.27253336
vt 5.1977745e-2 3.7128450e-2
vt 5.1977745e-2 3.7128450e-2
vt 5.1977745e-2 3.7128450e-2
vt 5.1977745e-2 3.7128450e-2
vt 5.1977745e-2 3.7128450e-2
vt 5.1977745e-2 3.7128450e-2
vt 5.1977745e-2 3.7128450e-2
vt 5.1977745e-2 3.7128450e-2
vt 5.4439155e-2 0.19836858
vt 5.4439155e-2 0.19836858
vt 5.4439155e-2 0.19836858
vt 5.4439155e-2 0.19836858
vt 5.4439155e-2 0.19836858
vt 5.4439155e-2 0.19836858
vt 5.4439155e-2 0.19836858
vt 5.4439155e-2 0.19836858
vt 5.4439254e-2 0.21685340
vt 5.4439254e-2 0.22904943
vt 5.4439254e-2 0.21685340
vt 5.4439254e-2 0.21685340
vt 5.4439254e-2 0.21685340
vt 5.4439254e-2 0.22904943
vt 5.4439254e-2 0.22904943
vt 5.4439254e-2 0.22904943
vt 5.4439254e-2 0.22904943
vt 5.4641926e-2 0.24834997
vt 5.4641926e-2 0.24834997
vt 5.4641926e-2 0.24834997
vt 5.4641926e-2 0.24834997
vt 5.4641926e-2 0.24834997
vt 5.4641926e-2 0.24834997
vt 5.4641926e-2 0.24834997
vt 5.4641926e-2 0.24834997
vt 5.5235106e-2 0.24834997
vt 5.5235106e-2 0.24834997
vt 5.5235106e-2 0.24834997
vt 5.5235106e-2 0.24834997
vt 5.5235106e-2 0.24834997
vt 5.5235106e-2 0.24834997
vt 5.5235106e-2 0.24834997
vt 5.5235205e-2 0.24834997
vt 5.8418909e-2 0.27253336
vt 5.8418909e-2 0.27253336
vt 5.8418909e-2 0.27253336
vt 5.8418909e-2 0.27253336
vt 5.8418909e-2 0.27253336
vt 5.8418909e-2 0.27253336
vt 5.8418909e-2 0.27253336
vt 5.8419008e-2 0.29100819
vt 5.8419008e-2 0.29100819
vt 5.8419008e-2 0.29100819
vt 5.8419008e-2 0.30320422
vt 5.8419008e-2 0.30320422
vt 5.8419008e-2 0.29100819
vt 5.8419008e-2 0.29100819
vt 5.8419008e-2 0.30320422
vt 5.8419008e-2 0.30320422
vt 5.8419008e-2 0.30320422
vt 5.8419008e-2 0.29100819
vt 5.8419008e-2 0.30320422
vt 5.8419008e-2 0.27253336
vt 5.8678883e-2 5.3306430e-2
vt 5.8678883e-2 5.3306430e-2
vt 5.8678883e-2 5.3306430e-2
vt 5.8678883e-2 5.3306430e-2
vt 5.8678883e-2 5.3306430e-2
vt 5.8678883e-2 5.3306430e-2
vt 5.8678883e-2 5.3306430e-2
vt 5.8678883e-2 5.3306430e-2
vt 6.9338855e-2 6.7198775e-2
vt 6.9338855e-2 6.7198775e-2
vt 6.9338855e-2 6.7198775e-2
vt 6.9338855e-2 6.7198775e-2
vt 6.9338855e-2 6.7198775e-2
vt 6.9338855e-2 6.7198775e-2
vt 6.9338855e-2 6.7198775e-2
vt 7.5104634e-2 0.57961527
vt 7.5104634e-2 0.57961527
vt 7.5104634e-2 0.57961527
vt 7.5104634e-2 0.57961527
vt 7.5104634e-2 0.57961527
vt 7.5929827e-2 0.27253336
vt 7.5929827e-2 0.27253336
vt 7.5929827e-2 0.27253336
vt 7.5929827e-2 0.27253336
vt 7.5929827e-2 0.27253336
vt 7.5929827e-2 0.27253336
vt 7.5929927e-2 0.29100819
vt 7.5929927e-2 0.30320422
vt 7.5929927e-2 0.29100819
vt 7.5929927e-2 0.29100819
vt 7.5929927e-2 0.29100819
vt 7.5929927e-2 0.30320422
vt 7.5929927e-2 0.30320422
vt 7.5929927e-2 0.29100819
vt 7.5929927e-2 0.29100819
vt 7.5929927e-2 0.30320422
vt 7.5929927e-2 0.30320422
vt 7.5929927e-2 0.30320422
vt 7.5929927e-2 0.27253336
vt 7.9113631e-2 0.24834997
vt 7.9113631e-2 0.24834997
vt 7.9113631e-2 0.24834997
vt 7.9113631e-2 0.24834997
vt 7.9113730e-2 0.24834997
vt 7.9706909e-2 0.24834997
vt 7.9706909e-2 0.24834997
vt 7.9706909e-2 0.24834997
vt 7.9706909e-2 0.24834997
vt 7.9706909e-2 0.24834997
vt 7.9706909e-2 0.24834997
vt 7.9706909e-2 0.24834997
vt 7.9707009e-2 0.24834997
vt 7.9909582e-2 0.19836858
vt 7.9909582e-2 0.19836858
vt 7.9909582e-2 0.19836858
vt 7.9909582e-2 0.19836858
vt 7.9909582e-2 0.19836858
vt 7.9909582e-2 0.19836858
vt 7.9909582e-2 0.19836858
vt 7.9909582e-2 0.19836858
vt 7.9909681e-2 0.21685340
vt 7.9909681e-2 0.21685340
vt 7.9909681e-2 0.21685340
vt 7.9909681e-2 0.22904943
vt 7.9909681e-2 0.22904943
vt 7.9909681e-2 0.22904943
vt 7.9909681e-2 0.22904943
vt 7.9909681e-2 0.21685340
vt 7.9909681e-2 0.22904943
vt 8.2890713e-2 0.27253336
vt 8.2890713e-2 0.27253336
vt 8.2890713e-2 0.27253336
vt 8.2890713e-2 0.27253336
vt 8.2890713e-2 0.27253336
vt 8.2890713e-2 0.27253336
vt 8.2890713e-2 0.27253336
vt 8.2890812e-2 0.27253336
vt 8.3093385e-2 0.17418519
vt 8.3093385e-2 0.17418519
vt 8.3093385e-2 0.17418519
vt 8.3093385e-2 0.17418519
vt 8.3093385e-2 0.17418519
vt 8.3093385e-2 0.17418519
vt 8.3093385e-2 0.17418519
vt 8.3125747e-2 0.50048186
vt 8.3125747e-2 0.50048186
vt 8.3125747e-2 0.50048186
vt 8.3551057e-2 0.17418519
vt 8.3551057e-2 0.17418519
vt 8.3551057e-2 0.17418519
vt 8.3551057e-2 0.17418519
vt 8.3551057e-2 0.17418519
vt 8.3551057e-2 0.17418519
vt 8.6734860e-2 0.19836858
vt 8.6734860e-2 0.19836858
vt 8.6734860e-2 0.19836858
vt 8.6734860e-2 0.19836858
vt 8.6734860e-2 0.19836858
vt 8.6734860e-2 0.19836858
vt 8.6734860e-2 0.19836858
vt 9.3440845e-2 0.29100819
vt 9.3440845e-2 0.30320422
vt 9.3440845e-2 0.29100819
vt 9.3440845e-2 0.29100819
vt 9.3440845e-2 0.30320422
vt 9.3440845e-2 0.30320422
vt 9.3440845e-2 0.29100819
vt 9.3440845e-2 0.29100819
vt 9.3440845e-2 0.29100819
vt 9.3440845e-2 0.30320422
vt 9.3440845e-2 0.30320422
vt 0.10040163 0.27253336
vt 0.10040163 0.27253336
vt 0.10040163 0.27253336
vt 0.10040163 0.27253336
vt 0.10040163 0.27253336
vt 0.10040163 0.27253336
vt 0.10040173 0.27253336
vt 0.10174747 0.50048186
vt 0.10174747 0.50048186
vt 0.10174747 0.50048186
vt 0.10174747 0.50048186
vt 0.10358543 0.24834997
vt 0.10358543 0.24834997
vt 0.10358543 0.24834997
vt 0.10358543 0.24834997
vt 0.10358543 0.24834997
vt 0.10358543 0.24834997
vt 0.10358543 0.24834997
vt 0.10358553 0.24834997
vt 0.10538011 0.21685340
vt 0.10538011 0.22904943
vt 0.10538011 0.21685340
vt 0.10538011 0.21685340
vt 0.10538011 0.21685340
vt 0.10538011 0.22904943
vt 0.10538011 0.22904943
vt 0.10538011 0.22904943
vt 0.10538011 0.22904943
vt 0.10976858 0.57961527
vt 0.10976858 0.57961527
vt 0.10976858 0.57961527
vt 0.10976858 0.57961527
vt 0.10976858 0.57961527
vt 0.11220529 0.19836858
vt 0.11220529 0.19836858
vt 0.11220529 0.19836858
vt 0.11220529 0.19836858
vt 0.11220529 0.19836858
vt 0.11220529 0.19836858
vt 0.11220529 0.19836858
vt 0.11220529 0.19836858
vt 0.11538909 0.17418519
vt 0.11538909 0.17418519
vt 0.11538909 0.17418519
vt 0.11639707 8.6427201e-2
vt 0.11639707 8.6427201e-2
vt 0.11639707 8.6427201e-2
vt 0.11639707 8.6427201e-2
vt 0.11639707 8.6427201e-2
vt 0.11639707 8.6427201e-2
vt 0.11639707 8.6427201e-2
vt 0.11639707 8.6427201e-2
vt 0.11677029 1.9767340e-2
vt 0.11677029 1.9767340e-2
vt 0.11677029 1.9767340e-2
vt 0.11677029 1.9767340e-2
vt 0.11677029 1.9767340e-2
vt 0.11677029 1.9767340e-2
vt 0.11677029 1.9767340e-2
vt 0.11677029 1.9767340e-2
vt 0.13383192 0.50048186
vt 0.13383192 0.57961527
vt 0.13383192 0.50048186
vt 0.13383192 0.57961527
vt 0.13383192 0.50048186
vt 0.13383192 0.57961527
vt 0.13383192 0.50048186
vt 0.13383192 0.57961527
vt 0.15789525 0.57961527
vt 0.15789525 0.57961527
vt 0.15789525 0.57961527
vt 0.15789525 0.57961527
vt 0.16591636 0.50048186
vt 0.16591636 0.50048186
vt 0.16591636 0.50048186
vt 0.16591636 0.50048186
vt 0.18629867 0.50498705
vt 0.18629867 0.57513092
vt 0.19152015 0.58035240
vt 0.19152015 0.49976558
vt 0.19152015 0.50498705
vt 0.19152015 0.57513092
vt 0.19398134 0.58005330
vt 0.19398134 0.50006467
vt 0.19644252 0.58035240
vt 0.19644252 0.49976558
vt 0.19644252 0.50498705
vt 0.19644252 0.57513092
vt 0.20166400 0.50498705
vt 0.20166400 0.57513092
vn -2.2894969e-15 -0.92307692 -0.38461538
vn -1.6353549e-15 0.92307692 0.38461538
vn -2.2894969e-15 -0.92307692 0.38461538
vn -1.6353549e-15 0.92307692 -0.38461538
vn 9.9545787e-2 -0.92307692 -0.37150993
vn -9.9545787e-2 0.92307692 0.37150993
vn -9.9545787e-2 -0.92307692 0.37150993
vn 9.9545787e-2 0.92307692 -0.37150993
vn -9.9545787e-2 -0.92307692 -0.37150993
vn 9.9545787e-2 0.92307692 0.37150993
vn 9.9545787e-2 -0.92307692 0.37150993
vn -9.9545787e-2 0.92307692 -0.37150993
vn -0.27196415 -0.92307692 0.27196415
vn 0.27196415 0.92307692 -0.27196415
vn 0.27196415 -0.92307692 -0.27196415
vn -0.27196415 0.92307692 0.27196415
vn -0.33308669 -0.92307692 0.19230769
vn 0.33308669 0.92307692 -0.19230769
vn 0.33308669 -0.92307692 -0.19230769
vn -0.33308669 0.92307692 0.19230769
vn -0.19230769 -0.92307692 0.33308669
vn 0.19230769 0.92307692 -0.33308669
vn 0.19230769 -0.92307692 -0.33308669
vn -0.19230769 0.92307692 0.33308669
vn -0.38461538 -0.92307692 1.1785148e-15
vn 0.38461538 0.92307692 9.8121295e-16
vn 0.38461538 -0.92307692 1.2875384e-15
vn -0.38461538 0.92307692 1.8534022e-15
vn -0.37150993 -0.92307692 -9.9545787e-2
vn 0.37150993 0.92307692 9.9545787e-2
vn 0.37150993 -0.92307692 9.9545787e-2
vn -0.37150993 0.92307692 -9.9545787e-2
vn -0.37150993 -0.92307692 9.9545787e-2
vn 0.37150993 0.92307692 -9.9545787e-2
vn 0.37150993 -0.92307692 -9.9545787e-2
vn -0.37150993 0.92307692 9.9545787e-2
vn -0.27196415 -0.92307692 -0.27196415
vn 0.27196415 0.92307692 0.27196415
vn 0.27196415 -0.92307692 0.27196415
vn -0.27196415 0.92307692 -0.27196415
vn -0.19230769 -0.92307692 -0.33308669
vn 0.19230769 0.92307692 0.33308669
vn 0.19230769 -0.92307692 0.33308669
vn -0.19230769 0.92307692 -0.33308669
vn -0.33308669 -0.92307692 -0.19230769
vn 0.33308669 0.92307692 0.19230769
vn 0.33308669 -0.92307692 0.19230769
vn -0.33308669 0.92307692 -0.19230769
vn 0.0000000e+0 1.00000000 -1.0271626e-33
vn 0.0000000e+0 -1.00000000 -1.5407440e-32
vn -8.1767746e-16 -0.92307692 -0.38461538
vn -1.9477597e-15 0.38461538 -0.92307692
vn -1.00000000 -1.0225419e-15 2.4794214e-15
vn -8.1767746e-16 -0.92307692 -0.38461538
vn -1.9477597e-15 0.38461538 -0.92307692
vn 1.6353549e-16 0.92307692 0.38461538
vn -1.00000000 -1.0225419e-15 2.4794214e-15
vn 1.6353549e-16 0.92307692 0.38461538
vn -1.9477597e-15 0.38461538 -0.92307692
vn -2.6165679e-15 -0.92307692 -0.38461538
vn 1.00000000 1.0477012e-15 -2.5398038e-15
vn -2.6165679e-15 -0.92307692 -0.38461538
vn -1.9477597e-15 0.38461538 -0.92307692
vn -2.6165679e-15 0.92307692 0.38461538
vn 1.00000000 1.0477012e-15 -2.5398038e-15
vn -2.6165679e-15 0.92307692 0.38461538
vn -1.00000000 -1.0225419e-15 2.4794214e-15
vn 3.2707098e-16 0.92307692 0.38461538
vn -1.6353549e-15 -0.92307692 -0.38461538
vn -1.00000000 -1.0225419e-15 2.4794214e-15
vn -5.2331357e-15 -0.92307692 -0.38461538
vn 1.00000000 1.0477012e-15 -2.5398038e-15
vn 1.00000000 1.0477012e-15 -2.5398038e-15
vn -5.2331357e-15 0.92307692 0.38461538
vn -8.1767746e-16 -0.92307692 0.38461538
vn -1.9477597e-15 0.38461538 0.92307692
vn -1.00000000 -1.0225419e-15 -2.4794214e-15
vn -8.1767746e-16 -0.92307692 0.38461538
vn -1.9477597e-15 0.38461538 0.92307692
vn 1.6353549e-16 0.92307692 -0.38461538
vn -1.00000000 -1.0225419e-15 -2.4794214e-15
vn 1.6353549e-16 0.92307692 -0.38461538
vn -1.9477597e-15 0.38461538 0.92307692
vn -2.6165679e-15 -0.92307692 0.38461538
vn 1.00000000 1.0477012e-15 2.5398038e-15
vn -2.6165679e-15 -0.92307692 0.38461538
vn -1.9477597e-15 0.38461538 0.92307692
vn -2.6165679e-15 0.92307692 -0.38461538
vn 1.00000000 1.0477012e-15 2.5398038e-15
vn -2.6165679e-15 0.92307692 -0.38461538
vn -1.00000000 -1.0225419e-15 -2.4794214e-15
vn 3.2707098e-16 0.92307692 -0.38461538
vn -1.6353549e-15 -0.92307692 0.38461538
vn -1.00000000 -1.0225419e-15 -2.4794214e-15
vn -5.2331357e-15 -0.92307692 0.38461538
vn 1.00000000 1.0477012e-15 2.5398038e-15
vn 1.00000000 1.0477012e-15 2.5398038e-15
vn -5.2331357e-15 0.92307692 -0.38461538
vn 9.9545787e-2 -0.92307692 -0.37150993
vn 0.23890989 0.38461538 -0.89162384
vn -0.96592583 -6.4266579e-16 -0.25881905
vn 9.9545787e-2 -0.92307692 -0.37150993
vn 0.23890989 0.38461538 -0.89162384
vn -9.9545787e-2 0.92307692 0.37150993
vn -0.96592583 -6.4266579e-16 -0.25881905
vn -9.9545787e-2 0.92307692 0.37150993
vn 0.23890989 0.38461538 -0.89162384
vn 9.9545787e-2 -0.92307692 -0.37150993
vn 0.96592583 1.2394269e-15 0.25881905
vn 9.9545787e-2 -0.92307692 -0.37150993
vn 0.23890989 0.38461538 -0.89162384
vn -9.9545787e-2 0.92307692 0.37150993
vn 0.96592583 1.2394269e-15 0.25881905
vn -9.9545787e-2 0.92307692 0.37150993
vn -0.96592583 -6.4266579e-16 -0.25881905
vn -9.9545787e-2 0.92307692 0.37150993
vn 9.9545787e-2 -0.92307692 -0.37150993
vn -0.96592583 -6.4266579e-16 -0.25881905
vn 9.9545787e-2 -0.92307692 -0.37150993
vn 0.96592583 1.2394269e-15 0.25881905
vn 0.96592583 1.2394269e-15 0.25881905
vn -9.9545787e-2 0.92307692 0.37150993
vn -9.9545787e-2 -0.92307692 0.37150993
vn -0.23890989 0.38461538 0.89162384
vn -0.96592583 -4.5904699e-16 -0.25881905
vn -9.9545787e-2 -0.92307692 0.37150993
vn -0.23890989 0.38461538 0.89162384
vn 9.9545787e-2 0.92307692 -0.37150993
vn -0.96592583 -4.5904699e-16 -0.25881905
vn 9.9545787e-2 0.92307692 -0.37150993
vn -0.23890989 0.38461538 0.89162384
vn -9.9545787e-2 -0.92307692 0.37150993
vn 0.96592583 1.2394269e-15 0.25881905
vn -9.9545787e-2 -0.92307692 0.37150993
vn -0.23890989 0.38461538 0.89162384
vn 9.9545787e-2 0.92307692 -0.37150993
vn 0.96592583 1.2394269e-15 0.25881905
vn 9.9545787e-2 0.92307692 -0.37150993
vn -0.96592583 -4.5904699e-16 -0.25881905
vn 9.9545787e-2 0.92307692 -0.37150993
vn -9.9545787e-2 -0.92307692 0.37150993
vn -0.96592583 -4.5904699e-16 -0.25881905
vn -9.9545787e-2 -0.92307692 0.37150993
vn 0.96592583 1.2394269e-15 0.25881905
vn 0.96592583 1.2394269e-15 0.25881905
vn 9.9545787e-2 0.92307692 -0.37150993
vn -9.9545787e-2 -0.92307692 -0.37150993
vn -0.23890989 0.38461538 -0.89162384
vn -0.96592583 -9.6399868e-16 0.25881905
vn -9.9545787e-2 -0.92307692 -0.37150993
vn -0.23890989 0.38461538 -0.89162384
vn 9.9545787e-2 0.92307692 0.37150993
vn -0.96592583 -9.6399868e-16 0.25881905
vn 9.9545787e-2 0.92307692 0.37150993
vn -0.23890989 0.38461538 -0.89162384
vn -9.9545787e-2 -0.92307692 -0.37150993
vn 0.96592583 1.2394269e-15 -0.25881905
vn -9.9545787e-2 -0.92307692 -0.37150993
vn -0.23890989 0.38461538 -0.89162384
vn 9.9545787e-2 0.92307692 0.37150993
vn 0.96592583 1.2394269e-15 -0.25881905
vn 9.9545787e-2 0.92307692 0.37150993
vn -0.96592583 -9.6399868e-16 0.25881905
vn 9.9545787e-2 0.92307692 0.37150993
vn -9.9545787e-2 -0.92307692 -0.37150993
vn -0.96592583 -9.6399868e-16 0.25881905
vn -9.9545787e-2 -0.92307692 -0.37150993
vn 0.96592583 1.2394269e-15 -0.25881905
vn 0.96592583 1.2394269e-15 -0.25881905
vn 9.9545787e-2 0.92307692 0.37150993
vn 9.9545787e-2 -0.92307692 0.37150993
vn 0.23890989 0.38461538 0.89162384
vn -0.96592583 -6.4266579e-16 0.25881905
vn 9.9545787e-2 -0.92307692 0.37150993
vn 0.23890989 0.38461538 0.89162384
vn -9.9545787e-2 0.92307692 -0.37150993
vn -0.96592583 -6.4266579e-16 0.25881905
vn -9.9545787e-2 0.92307692 -0.37150993
vn 0.23890989 0.38461538 0.89162384
vn 9.9545787e-2 -0.92307692 0.37150993
vn 0.96592583 1.1476175e-15 -0.25881905
vn 9.9545787e-2 -0.92307692 0.37150993
vn 0.23890989 0.38461538 0.89162384
vn -9.9545787e-2 0.92307692 -0.37150993
vn 0.96592583 1.1476175e-15 -0.25881905
vn -9.9545787e-2 0.92307692 -0.37150993
vn -0.96592583 -6.4266579e-16 0.25881905
vn -9.9545787e-2 0.92307692 -0.37150993
vn 9.9545787e-2 -0.92307692 0.37150993
vn -0.96592583 -6.4266579e-16 0.25881905
vn 9.9545787e-2 -0.92307692 0.37150993
vn 0.96592583 1.1476175e-15 -0.25881905
vn 0.96592583 1.1476175e-15 -0.25881905
vn -9.9545787e-2 0.92307692 -0.37150993
vn -0.27196415 -0.92307692 0.27196415
vn -0.65271395 0.38461538 0.65271395
vn 0.70710678 -1.8361880e-15 0.70710678
vn -0.27196415 -0.92307692 0.27196415
vn -0.65271395 0.38461538 0.65271395
vn 0.27196415 0.92307692 -0.27196415
vn 0.70710678 -1.8361880e-15 0.70710678
vn 0.27196415 0.92307692 -0.27196415
vn -0.65271395 0.38461538 0.65271395
vn -0.27196415 -0.92307692 0.27196415
vn -0.70710678 1.5607598e-15 -0.70710678
vn -0.27196415 -0.92307692 0.27196415
vn -0.65271395 0.38461538 0.65271395
vn 0.27196415 0.92307692 -0.27196415
vn -0.70710678 1.5607598e-15 -0.70710678
vn 0.27196415 0.92307692 -0.27196415
vn 0.70710678 -1.8361880e-15 0.70710678
vn 0.27196415 0.92307692 -0.27196415
vn -0.27196415 -0.92307692 0.27196415
vn 0.70710678 -1.8361880e-15 0.70710678
vn -0.27196415 -0.92307692 0.27196415
vn -0.70710678 1.5607598e-15 -0.70710678
vn -0.70710678 1.5607598e-15 -0.70710678
vn 0.27196415 0.92307692 -0.27196415
vn 0.27196415 -0.92307692 -0.27196415
vn 0.65271395 0.38461538 -0.65271395
vn 0.70710678 -4.5904699e-16 0.70710678
vn 0.27196415 -0.92307692 -0.27196415
vn 0.65271395 0.38461538 -0.65271395
vn -0.27196415 0.92307692 0.27196415
vn 0.70710678 -4.5904699e-16 0.70710678
vn -0.27196415 0.92307692 0.27196415
vn 0.65271395 0.38461538 -0.65271395
vn 0.27196415 -0.92307692 -0.27196415
vn -0.70710678 7.3447519e-16 -0.70710678
vn 0.27196415 -0.92307692 -0.27196415
vn 0.65271395 0.38461538 -0.65271395
vn -0.27196415 0.92307692 0.27196415
vn -0.70710678 7.3447519e-16 -0.70710678
vn -0.27196415 0.92307692 0.27196415
vn 0.70710678 -4.5904699e-16 0.70710678
vn -0.27196415 0.92307692 0.27196415
vn 0.27196415 -0.92307692 -0.27196415
vn 0.70710678 -4.5904699e-16 0.70710678
vn 0.27196415 -0.92307692 -0.27196415
vn -0.70710678 7.3447519e-16 -0.70710678
vn -0.70710678 7.3447519e-16 -0.70710678
vn -0.27196415 0.92307692 0.27196415
vn -0.33308669 -0.92307692 0.19230769
vn -0.79940807 0.38461538 0.46153846
vn 0.50000000 -8.2628459e-16 0.86602540
vn -0.33308669 -0.92307692 0.19230769
vn -0.79940807 0.38461538 0.46153846
vn 0.33308669 0.92307692 -0.19230769
vn 0.50000000 -8.2628459e-16 0.86602540
vn 0.33308669 0.92307692 -0.19230769
vn -0.79940807 0.38461538 0.46153846
vn -0.33308669 -0.92307692 0.19230769
vn -0.50000000 2.4788538e-15 -0.86602540
vn -0.33308669 -0.92307692 0.19230769
vn -0.79940807 0.38461538 0.46153846
vn 0.33308669 0.92307692 -0.19230769
vn -0.50000000 2.4788538e-15 -0.86602540
vn 0.33308669 0.92307692 -0.19230769
vn 0.50000000 -8.2628459e-16 0.86602540
vn 0.33308669 0.92307692 -0.19230769
vn -0.33308669 -0.92307692 0.19230769
vn 0.50000000 -8.2628459e-16 0.86602540
vn -0.33308669 -0.92307692 0.19230769
vn -0.50000000 2.4788538e-15 -0.86602540
vn -0.50000000 2.4788538e-15 -0.86602540
vn 0.33308669 0.92307692 -0.19230769
vn 0.33308669 -0.92307692 -0.19230769
vn 0.79940807 0.38461538 -0.46153846
vn 0.50000000 -4.5904699e-16 0.86602540
vn 0.33308669 -0.92307692 -0.19230769
vn 0.79940807 0.38461538 -0.46153846
vn -0.33308669 0.92307692 0.19230769
vn 0.50000000 -4.5904699e-16 0.86602540
vn -0.33308669 0.92307692 0.19230769
vn 0.79940807 0.38461538 -0.46153846
vn 0.33308669 -0.92307692 -0.19230769
vn -0.50000000 4.5904699e-16 -0.86602540
vn 0.33308669 -0.92307692 -0.19230769
vn 0.79940807 0.38461538 -0.46153846
vn -0.33308669 0.92307692 0.19230769
vn -0.50000000 4.5904699e-16 -0.86602540
vn -0.33308669 0.92307692 0.19230769
vn 0.50000000 -4.5904699e-16 0.86602540
vn -0.33308669 0.92307692 0.19230769
vn 0.33308669 -0.92307692 -0.19230769
vn 0.50000000 -4.5904699e-16 0.86602540
vn 0.33308669 -0.92307692 -0.19230769
vn -0.50000000 4.5904699e-16 -0.86602540
vn -0.50000000 4.5904699e-16 -0.86602540
vn -0.33308669 0.92307692 0.19230769
vn -0.19230769 -0.92307692 0.33308669
vn -0.46153846 0.38461538 0.79940807
vn 0.86602540 -1.3771410e-15 0.50000000
vn -0.19230769 -0.92307692 0.33308669
vn -0.46153846 0.38461538 0.79940807
vn 0.19230769 0.92307692 -0.33308669
vn 0.86602540 -1.3771410e-15 0.50000000
vn 0.19230769 0.92307692 -0.33308669
vn -0.46153846 0.38461538 0.79940807
vn -0.19230769 -0.92307692 0.33308669
vn -0.86602540 1.6525692e-15 -0.50000000
vn -0.19230769 -0.92307692 0.33308669
vn -0.46153846 0.38461538 0.79940807
vn 0.19230769 0.92307692 -0.33308669
vn -0.86602540 1.6525692e-15 -0.50000000
vn 0.19230769 0.92307692 -0.33308669
vn 0.86602540 -1.3771410e-15 0.50000000
vn 0.19230769 0.92307692 -0.33308669
vn -0.19230769 -0.92307692 0.33308669
vn 0.86602540 -1.3771410e-15 0.50000000
vn -0.19230769 -0.92307692 0.33308669
vn -0.86602540 1.6525692e-15 -0.50000000
vn -0.86602540 1.6525692e-15 -0.50000000
vn 0.19230769 0.92307692 -0.33308669
vn 0.19230769 -0.92307692 -0.33308669
vn 0.46153846 0.38461538 -0.79940807
vn 0.86602540 1.8361880e-16 0.50000000
vn 0.19230769 -0.92307692 -0.33308669
vn 0.46153846 0.38461538 -0.79940807
vn -0.19230769 0.92307692 0.33308669
vn 0.86602540 1.8361880e-16 0.50000000
vn -0.19230769 0.92307692 0.33308669
vn 0.46153846 0.38461538 -0.79940807
vn 0.19230769 -0.92307692 -0.33308669
vn -0.86602540 2.7542820e-16 -0.50000000
vn 0.19230769 -0.92307692 -0.33308669
vn 0.46153846 0.38461538 -0.79940807
vn -0.19230769 0.92307692 0.33308669
vn -0.86602540 2.7542820e-16 -0.50000000
vn -0.19230769 0.92307692 0.33308669
vn 0.86602540 1.8361880e-16 0.50000000
vn -0.19230769 0.92307692 0.33308669
vn 0.19230769 -0.92307692 -0.33308669
vn 0.86602540 1.8361880e-16 0.50000000
vn 0.19230769 -0.92307692 -0.33308669
vn -0.86602540 2.7542820e-16 -0.50000000
vn -0.86602540 2.7542820e-16 -0.50000000
vn -0.19230769 0.92307692 0.33308669
vn -0.38461538 -0.92307692 -8.4879570e-16
vn -0.92307692 0.38461538 1.9477597e-15
vn 2.8683866e-15 -1.2795640e-15 1.00000000
vn -0.38461538 -0.92307692 -8.4879570e-16
vn -0.92307692 0.38461538 1.9477597e-15
vn 0.38461538 0.92307692 1.4718194e-15
vn 2.8683866e-15 -1.2795640e-15 1.00000000
vn 0.38461538 0.92307692 1.4718194e-15
vn -0.92307692 0.38461538 1.9477597e-15
vn -0.38461538 -0.92307692 3.5666626e-15
vn -3.3364625e-15 1.5167971e-15 -1.00000000
vn -0.38461538 -0.92307692 3.5666626e-15
vn -0.92307692 0.38461538 1.9477597e-15
vn 0.38461538 0.92307692 0.0000000e+0
vn -3.3364625e-15 1.5167971e-15 -1.00000000
vn 0.38461538 0.92307692 0.0000000e+0
vn 2.8683866e-15 -1.2795640e-15 1.00000000
vn 0.38461538 0.92307692 2.9436388e-15
vn -0.38461538 -0.92307692 -3.5977808e-15
vn 2.8683866e-15 -1.2795640e-15 1.00000000
vn -0.38461538 -0.92307692 5.2331357e-15
vn -3.3364625e-15 1.5167971e-15 -1.00000000
vn -3.3364625e-15 1.5167971e-15 -1.00000000
vn 0.38461538 0.92307692 0.0000000e+0
vn 0.38461538 -0.92307692 1.9313077e-15
vn 0.92307692 0.38461538 1.9477597e-15
vn -2.4602417e-15 -8.9849633e-16 1.00000000
vn 0.38461538 -0.92307692 1.9313077e-15
vn 0.92307692 0.38461538 1.9477597e-15
vn -0.38461538 0.92307692 1.6353549e-16
vn -2.4602417e-15 -8.9849633e-16 1.00000000
vn -0.38461538 0.92307692 1.6353549e-16
vn 0.92307692 0.38461538 1.9477597e-15
vn 0.38461538 -0.92307692 9.5009470e-16
