# Exported from Wings 3D 1.5.4
mtllib nashira_cupola_s1_1_collider.mtl
o collider
#16 vertices, 10 faces
v 0.74999983 8.7500000e-2 -0.31066017
v 0.74999983 8.7500000e-2 0.31066017
v 0.31066000 8.7500000e-2 0.75000000
v -0.31066034 8.7500000e-2 0.75000000
v -0.75000017 8.7500000e-2 0.31066017
v -0.75000017 8.7500000e-2 -0.31066017
v -0.31066034 8.7500000e-2 -0.75000000
v 0.31066000 8.7500000e-2 -0.75000000
v 0.74999983 -0.37500000 -0.31066017
v 0.74999983 -0.37500000 0.31066017
v 0.31066000 -0.37500000 0.75000000
v -0.31066034 -0.37500000 0.75000000
v -0.75000017 -0.37500000 0.31066017
v -0.75000017 -0.37500000 -0.31066017
v -0.31066034 -0.37500000 -0.75000000
v 0.31066000 -0.37500000 -0.75000000
vn 0.0000000e+0 1.00000000 -7.4453208e-18
vn 0.70710678 0.0000000e+0 -0.70710678
vn 1.00000000 0.0000000e+0 0.0000000e+0
vn 0.0000000e+0 1.00000000 -7.4453208e-18
vn 0.70710678 0.0000000e+0 0.70710678
vn 1.00000000 0.0000000e+0 0.0000000e+0
vn 0.0000000e+0 1.00000000 -7.4453208e-18
vn 0.0000000e+0 0.0000000e+0 1.00000000
vn 0.70710678 0.0000000e+0 0.70710678
vn 0.0000000e+0 1.00000000 -7.4453208e-18
vn -0.70710678 0.0000000e+0 0.70710678
vn 0.0000000e+0 0.0000000e+0 1.00000000
vn 0.0000000e+0 1.00000000 -7.4453208e-18
vn -1.00000000 0.0000000e+0 3.5737540e-16
vn -0.70710678 0.0000000e+0 0.70710678
vn 0.0000000e+0 1.00000000 -7.4453208e-18
vn -0.70710678 0.0000000e+0 -0.70710678
vn -1.00000000 0.0000000e+0 3.5737540e-16
vn 0.0000000e+0 1.00000000 -7.4453208e-18
vn -3.5737540e-16 0.0000000e+0 -1.00000000
vn -0.70710678 0.0000000e+0 -0.70710678
vn 0.0000000e+0 1.00000000 -7.4453208e-18
vn 0.70710678 0.0000000e+0 -0.70710678
vn -3.5737540e-16 0.0000000e+0 -1.00000000
vn 0.0000000e+0 -1.00000000 -1.4890642e-17
vn 0.70710678 0.0000000e+0 -0.70710678
vn 1.00000000 0.0000000e+0 0.0000000e+0
vn 0.0000000e+0 -1.00000000 -1.4890642e-17
vn 0.70710678 0.0000000e+0 0.70710678
vn 1.00000000 0.0000000e+0 0.0000000e+0
vn 0.0000000e+0 -1.00000000 -1.4890642e-17
vn 0.0000000e+0 0.0000000e+0 1.00000000
vn 0.70710678 0.0000000e+0 0.70710678
vn 0.0000000e+0 -1.00000000 -1.4890642e-17
vn -0.70710678 0.0000000e+0 0.70710678
vn 0.0000000e+0 0.0000000e+0 1.00000000
vn 0.0000000e+0 -1.00000000 -1.4890642e-17
vn -1.00000000 0.0000000e+0 3.5737540e-16
vn -0.70710678 0.0000000e+0 0.70710678
vn 0.0000000e+0 -1.00000000 -1.4890642e-17
vn -0.70710678 0.0000000e+0 -0.70710678
vn -1.00000000 0.0000000e+0 3.5737540e-16
vn 0.0000000e+0 -1.00000000 -1.4890642e-17
vn -3.5737540e-16 0.0000000e+0 -1.00000000
vn -0.70710678 0.0000000e+0 -0.70710678
vn 0.0000000e+0 -1.00000000 -1.4890642e-17
vn 0.70710678 0.0000000e+0 -0.70710678
vn -3.5737540e-16 0.0000000e+0 -1.00000000
g collider_default
usemtl default
s 1
f 1//2 9//26 16//47 8//23
f 4//12 12//36 11//32 3//8
f 6//18 14//42 13//38 5//14
s 2
f 2//6 10//30 9//27 1//3
f 5//15 13//39 12//35 4//11
f 7//21 15//45 14//41 6//17
s 3
f 1//1 8//22 7//19 6//16 5//13 4//10 3//7 2//4
f 10//28 11//31 12//34 13//37 14//40 15//43 16//46 9//25
s 4
f 3//9 11//33 10//29 2//5
f 8//24 16//48 15//44 7//20
