# Exported from Wings 3D 1.5.4
mtllib tucana_crew_s1p5_2_interior.mtl
o tucana_crew_s1p5_2_interior
#48 vertices, 26 faces
v 0.93750000 0.93750000 -2.0961242e-18
v 0.90555546 0.93750000 0.24264285
v 0.81189882 0.93750000 0.46875000
v 0.66291261 0.93750000 0.66291261
v 0.46875000 0.93750000 0.81189882
v 0.24264285 0.93750000 0.90555546
v 4.8731701e-17 0.93750000 0.93750000
v -0.24264285 0.93750000 0.90555546
v -0.46875000 0.93750000 0.81189882
v -0.66291261 0.93750000 0.66291261
v -0.81189882 0.93750000 0.46875000
v -0.90555546 0.93750000 0.24264285
v -0.93750000 0.93750000 1.1271451e-16
v -0.90555546 0.93750000 -0.24264285
v -0.81189882 0.93750000 -0.46875000
v -0.66291261 0.93750000 -0.66291261
v -0.46875000 0.93750000 -0.81189882
v -0.24264285 0.93750000 -0.90555546
v -1.8088957e-16 0.93750000 -0.93750000
v 0.24264285 0.93750000 -0.90555546
v 0.46875000 0.93750000 -0.81189882
v 0.66291261 0.93750000 -0.66291261
v 0.81189882 0.93750000 -0.46875000
v 0.90555546 0.93750000 -0.24264285
v 0.93750000 -0.93750000 -2.0961242e-18
v 0.90555546 -0.93750000 0.24264285
v 0.81189882 -0.93750000 0.46875000
v 0.66291261 -0.93750000 0.66291261
v 0.46875000 -0.93750000 0.81189882
v 0.24264285 -0.93750000 0.90555546
v 4.8731701e-17 -0.93750000 0.93750000
v -0.24264285 -0.93750000 0.90555546
v -0.46875000 -0.93750000 0.81189882
v -0.66291261 -0.93750000 0.66291261
v -0.81189882 -0.93750000 0.46875000
v -0.90555546 -0.93750000 0.24264285
v -0.93750000 -0.93750000 1.1271451e-16
v -0.90555546 -0.93750000 -0.24264285
v -0.81189882 -0.93750000 -0.46875000
v -0.66291261 -0.93750000 -0.66291261
v -0.46875000 -0.93750000 -0.81189882
v -0.24264285 -0.93750000 -0.90555546
v -1.8088957e-16 -0.93750000 -0.93750000
v 0.24264285 -0.93750000 -0.90555546
v 0.46875000 -0.93750000 -0.81189882
v 0.66291261 -0.93750000 -0.66291261
v 0.81189882 -0.93750000 -0.46875000
v 0.90555546 -0.93750000 -0.24264285
vt 0.0000000e+0 2.2204460e-16
vt 0.0000000e+0 0.77932777
vt 2.7755576e-17 0.38966388
vt 2.2204460e-16 0.38966388
vt 5.0861343e-2 0.77932777
vt 5.0861343e-2 0.38966388
vt 5.0861343e-2 3.6082248e-16
vt 5.0861343e-2 0.38966388
vt 0.10172269 0.38966388
vt 0.10172269 1.9428903e-16
vt 0.10172269 0.77932777
vt 0.10172269 0.38966388
vt 0.15258403 0.77932777
vt 0.15258403 0.0000000e+0
vt 0.15258403 0.38966388
vt 0.15258403 0.38966388
vt 0.20344537 0.77932777
vt 0.20344537 8.3266727e-17
vt 0.20344537 0.38966388
vt 0.20344537 0.38966388
vt 0.25430672 0.77932777
vt 0.25430672 8.3266727e-17
vt 0.25430672 0.38966388
vt 0.25430672 0.38966388
vt 0.30516806 0.77932777
vt 0.30516806 2.2204460e-16
vt 0.30516806 0.38966388
vt 0.30516806 0.38966388
vt 0.30516806 0.38966388
vt 0.30516806 0.77932777
vt 0.30516806 0.38966388
vt 0.30516806 1.3877788e-16
vt 0.35602940 0.38966388
vt 0.35602940 0.38966388
vt 0.35602940 0.77932777
vt 0.35602940 1.3877788e-16
vt 0.40689074 0.38966388
vt 0.40689074 0.38966388
vt 0.40689074 0.77932777
vt 0.40689074 5.5511151e-17
vt 0.45775209 0.38966388
vt 0.45775209 0.38966388
vt 0.45775209 0.77932777
vt 0.45775209 2.7755576e-17
vt 0.50861343 0.38966388
vt 0.50861343 0.77932777
vt 0.50861343 0.38966388
vt 0.50861343 2.7755576e-17
vt 0.55947477 0.38966388
vt 0.55947477 0.38966388
vt 0.55947477 0.77932777
vt 0.55947477 0.0000000e+0
vt 0.61033612 0.38966388
vt 0.61033612 0.38966388
vt 0.61033612 0.77932777
vt 0.61033612 0.19483194
vt 0.61033612 1.6653345e-16
vt 0.61033612 0.58449583
vt 0.61697485 0.14440572
vt 0.61697485 0.24525816
vt 0.61697485 0.53406961
vt 0.61697485 0.63492204
vt 0.63643865 0.29224791
vt 0.63643865 9.7415971e-2
vt 0.63643865 0.68191180
vt 0.63643865 0.48707985
vt 0.66740107 0.33259893
vt 0.66740107 0.72226281
vt 0.66740107 5.7064955e-2
vt 0.66740107 0.44672884
vt 0.70775209 0.36356135
vt 0.70775209 0.75322524
vt 0.70775209 2.6102531e-2
vt 0.70775209 0.41576641
vt 0.75474184 0.77268903
vt 0.75474184 0.38302515
vt 0.75474184 6.6387374e-3
vt 0.75474184 0.39630262
vt 0.80516806 0.38966388
vt 0.80516806 0.38966388
vt 0.80516806 0.77932777
vt 0.80516806 0.0000000e+0
vt 0.85559428 0.38302515
vt 0.85559428 0.77268903
vt 0.85559428 6.6387374e-3
vt 0.85559428 0.39630262
vt 0.90258403 0.75322524
vt 0.90258403 0.36356135
vt 0.90258403 0.41576641
vt 0.90258403 2.6102531e-2
vt 0.94293505 0.33259893
vt 0.94293505 0.72226281
vt 0.94293505 0.44672884
vt 0.94293505 5.7064955e-2
vt 0.97389747 0.29224791
vt 0.97389747 0.68191180
vt 0.97389747 0.48707985
vt 0.97389747 9.7415971e-2
vt 0.99336126 0.14440572
vt 0.99336126 0.24525816
vt 0.99336126 0.53406961
vt 0.99336126 0.63492204
vt 1.00000000 0.58449583
vt 1.00000000 0.19483194
vn 0.0000000e+0 -1.00000000 -3.5587563e-17
vn -1.00000000 0.0000000e+0 2.5195570e-16
vn -1.00000000 0.0000000e+0 2.5195570e-16
vn 0.0000000e+0 -1.00000000 -3.5587563e-17
vn -0.96592583 0.0000000e+0 -0.25881905
vn -0.96592583 0.0000000e+0 -0.25881905
vn 0.0000000e+0 -1.00000000 -3.5587563e-17
vn -0.86602540 0.0000000e+0 -0.50000000
vn -0.86602540 0.0000000e+0 -0.50000000
vn 0.0000000e+0 -1.00000000 -3.5587563e-17
vn -0.70710678 0.0000000e+0 -0.70710678
vn -0.70710678 0.0000000e+0 -0.70710678
vn 0.0000000e+0 -1.00000000 -3.5587563e-17
vn -0.50000000 0.0000000e+0 -0.86602540
vn -0.50000000 0.0000000e+0 -0.86602540
vn 0.0000000e+0 -1.00000000 -3.5587563e-17
vn -0.25881905 0.0000000e+0 -0.96592583
vn -0.25881905 0.0000000e+0 -0.96592583
vn 0.0000000e+0 -1.00000000 -3.5587563e-17
vn -1.5397293e-16 0.0000000e+0 -1.00000000
vn -1.5397293e-16 0.0000000e+0 -1.00000000
vn 0.0000000e+0 -1.00000000 -3.5587563e-17
vn 0.25881905 0.0000000e+0 -0.96592583
vn 0.25881905 0.0000000e+0 -0.96592583
vn 0.0000000e+0 -1.00000000 -3.5587563e-17
vn 0.50000000 0.0000000e+0 -0.86602540
vn 0.50000000 0.0000000e+0 -0.86602540
vn 0.0000000e+0 -1.00000000 -3.5587563e-17
vn 0.70710678 0.0000000e+0 -0.70710678
vn 0.70710678 0.0000000e+0 -0.70710678
vn 0.0000000e+0 -1.00000000 -3.5587563e-17
vn 0.86602540 0.0000000e+0 -0.50000000
vn 0.86602540 0.0000000e+0 -0.50000000
vn 0.0000000e+0 -1.00000000 -3.5587563e-17
vn 0.96592583 0.0000000e+0 -0.25881905
vn 0.96592583 0.0000000e+0 -0.25881905
vn 0.0000000e+0 -1.00000000 -3.5587563e-17
vn 1.00000000 0.0000000e+0 -3.4993847e-16
vn 1.00000000 0.0000000e+0 -3.4993847e-16
vn 0.0000000e+0 -1.00000000 -3.5587563e-17
vn 0.96592583 0.0000000e+0 0.25881905
vn 0.96592583 0.0000000e+0 0.25881905
vn 0.0000000e+0 -1.00000000 -3.5587563e-17
vn 0.86602540 0.0000000e+0 0.50000000
vn 0.86602540 0.0000000e+0 0.50000000
vn 0.0000000e+0 -1.00000000 -3.5587563e-17
vn 0.70710678 0.0000000e+0 0.70710678
vn 0.70710678 0.0000000e+0 0.70710678
vn 0.0000000e+0 -1.00000000 -3.5587563e-17
vn 0.50000000 0.0000000e+0 0.86602540
vn 0.50000000 0.0000000e+0 0.86602540
vn 0.0000000e+0 -1.00000000 -3.5587563e-17
vn 0.25881905 0.0000000e+0 0.96592583
vn 0.25881905 0.0000000e+0 0.96592583
vn 0.0000000e+0 -1.00000000 -3.5587563e-17
vn 4.7591632e-16 0.0000000e+0 1.00000000
vn 4.7591632e-16 0.0000000e+0 1.00000000
vn 0.0000000e+0 -1.00000000 -3.5587563e-17
vn -0.25881905 0.0000000e+0 0.96592583
vn -0.25881905 0.0000000e+0 0.96592583
vn 0.0000000e+0 -1.00000000 -3.5587563e-17
vn -0.50000000 0.0000000e+0 0.86602540
vn -0.50000000 0.0000000e+0 0.86602540
vn 0.0000000e+0 -1.00000000 -3.5587563e-17
vn -0.70710678 0.0000000e+0 0.70710678
vn -0.70710678 0.0000000e+0 0.70710678
vn 0.0000000e+0 -1.00000000 -3.5587563e-17
vn -0.86602540 0.0000000e+0 0.50000000
vn -0.86602540 0.0000000e+0 0.50000000
vn 0.0000000e+0 -1.00000000 -3.5587563e-17
vn -0.96592583 0.0000000e+0 0.25881905
vn -0.96592583 0.0000000e+0 0.25881905
vn 0.0000000e+0 1.00000000 -8.1343002e-17
vn -1.00000000 0.0000000e+0 2.5195570e-16
vn -1.00000000 0.0000000e+0 2.5195570e-16
vn 0.0000000e+0 1.00000000 -8.1343002e-17
vn -0.96592583 0.0000000e+0 -0.25881905
vn -0.96592583 0.0000000e+0 -0.25881905
vn 0.0000000e+0 1.00000000 -8.1343002e-17
vn -0.86602540 0.0000000e+0 -0.50000000
vn -0.86602540 0.0000000e+0 -0.50000000
vn 0.0000000e+0 1.00000000 -8.1343002e-17
vn -0.70710678 0.0000000e+0 -0.70710678
vn -0.70710678 0.0000000e+0 -0.70710678
vn 0.0000000e+0 1.00000000 -8.1343002e-17
vn -0.50000000 0.0000000e+0 -0.86602540
vn -0.50000000 0.0000000e+0 -0.86602540
vn 0.0000000e+0 1.00000000 -8.1343002e-17
vn -0.25881905 0.0000000e+0 -0.96592583
vn -0.25881905 0.0000000e+0 -0.96592583
vn 0.0000000e+0 1.00000000 -8.1343002e-17
vn -1.5397293e-16 0.0000000e+0 -1.00000000
vn -1.5397293e-16 0.0000000e+0 -1.00000000
vn 0.0000000e+0 1.00000000 -8.1343002e-17
vn 0.25881905 0.0000000e+0 -0.96592583
vn 0.25881905 0.0000000e+0 -0.96592583
vn 0.0000000e+0 1.00000000 -8.1343002e-17
vn 0.50000000 0.0000000e+0 -0.86602540
vn 0.50000000 0.0000000e+0 -0.86602540
vn 0.0000000e+0 1.00000000 -8.1343002e-17
vn 0.70710678 0.0000000e+0 -0.70710678
vn 0.70710678 0.0000000e+0 -0.70710678
vn 0.0000000e+0 1.00000000 -8.1343002e-17
vn 0.86602540 0.0000000e+0 -0.50000000
vn 0.86602540 0.0000000e+0 -0.50000000
vn 0.0000000e+0 1.00000000 -8.1343002e-17
vn 0.96592583 0.0000000e+0 -0.25881905
vn 0.96592583 0.0000000e+0 -0.25881905
vn 0.0000000e+0 1.00000000 -8.1343002e-17
vn 1.00000000 0.0000000e+0 -3.4993847e-16
vn 1.00000000 0.0000000e+0 -3.4993847e-16
vn 0.0000000e+0 1.00000000 -8.1343002e-17
vn 0.96592583 0.0000000e+0 0.25881905
vn 0.96592583 0.0000000e+0 0.25881905
vn 0.0000000e+0 1.00000000 -8.1343002e-17
vn 0.86602540 0.0000000e+0 0.50000000
vn 0.86602540 0.0000000e+0 0.50000000
vn 0.0000000e+0 1.00000000 -8.1343002e-17
vn 0.70710678 0.0000000e+0 0.70710678
vn 0.70710678 0.0000000e+0 0.70710678
vn 0.0000000e+0 1.00000000 -8.1343002e-17
vn 0.50000000 0.0000000e+0 0.86602540
vn 0.50000000 0.0000000e+0 0.86602540
vn 0.0000000e+0 1.00000000 -8.1343002e-17
vn 0.25881905 0.0000000e+0 0.96592583
vn 0.25881905 0.0000000e+0 0.96592583
vn 0.0000000e+0 1.00000000 -8.1343002e-17
vn 4.7591632e-16 0.0000000e+0 1.00000000
vn 4.7591632e-16 0.0000000e+0 1.00000000
vn 0.0000000e+0 1.00000000 -8.1343002e-17
vn -0.25881905 0.0000000e+0 0.96592583
vn -0.25881905 0.0000000e+0 0.96592583
vn 0.0000000e+0 1.00000000 -8.1343002e-17
vn -0.50000000 0.0000000e+0 0.86602540
vn -0.50000000 0.0000000e+0 0.86602540
vn 0.0000000e+0 1.00000000 -8.1343002e-17
vn -0.70710678 0.0000000e+0 0.70710678
vn -0.70710678 0.0000000e+0 0.70710678
vn 0.0000000e+0 1.00000000 -8.1343002e-17
vn -0.86602540 0.0000000e+0 0.50000000
vn -0.86602540 0.0000000e+0 0.50000000
vn 0.0000000e+0 1.00000000 -8.1343002e-17
vn -0.96592583 0.0000000e+0 0.25881905
vn -0.96592583 0.0000000e+0 0.25881905
g tucana_crew_s1p5_2_interior_tucana_crew_s1p5_2_interior_auv
usemtl tucana_crew_s1p5_2_interior_auv
s 1
f 2/59/4 3/64/7 4/69/10 5/73/13 6/77/16 7/82/19 8/85/22 9/90/25 10/94/28 11/98/31 12/99/34 13/104/37 14/100/40 15/95/43 16/91/46 17/88/49 18/83/52 19/79/55 20/76/58 21/71/61 22/67/64 23/63/67 24/60/70 1/56/1
f 25/103/73 48/102/142 47/96/139 46/92/136 45/87/133 44/84/130 43/81/127 42/75/124 41/72/121 40/68/118 39/65/115 38/62/112 37/58/109 36/61/106 35/66/103 34/70/100 33/74/97 32/78/94 31/80/91 30/86/88 29/89/85 28/93/82 27/97/79 26/101/76
s 2
f 1/15/3 25/14/75 26/18/78 2/19/6
f 2/19/5 26/18/77 27/22/81 3/24/9
f 3/24/8 27/22/80 28/26/84 4/28/12
f 4/30/11 28/31/83 29/34/87 5/35/15
f 5/35/14 29/34/86 30/38/90 6/39/18
f 6/39/17 30/38/89 31/42/93 7/43/21
f 7/43/20 31/42/92 32/47/96 8/46/24
f 8/46/23 32/47/95 33/50/99 9/51/27
f 9/51/26 33/50/98 34/54/102 10/55/30
f 10/2/29 34/4/101 35/8/105 11/5/33
f 11/5/32 35/8/104 36/12/108 12/11/36
f 12/11/35 36/12/107 37/16/111 13/13/39
f 13/13/38 37/16/110 38/20/114 14/17/42
f 14/17/41 38/20/113 39/23/117 15/21/45
f 15/21/44 39/23/116 40/29/120 16/25/48
f 16/27/47 40/32/119 41/36/123 17/33/51
f 17/33/50 41/36/122 42/40/126 18/37/54
f 18/37/53 42/40/125 43/44/129 19/41/57
f 19/41/56 43/44/128 44/48/132 20/45/60
f 20/45/59 44/48/131 45/52/135 21/49/63
f 21/49/62 45/52/134 46/57/138 22/53/66
f 22/3/65 46/1/137 47/7/141 23/6/69
f 23/6/68 47/7/140 48/10/144 24/9/72
f 24/9/71 48/10/143 25/14/74 1/15/2
o tucana_crew_s1p5_2_mask
#200 vertices, 160 faces
v -0.64092261 0.78750000 0.71102835
v -0.67136068 0.78750000 0.75069602
v -0.64092261 0.81250000 0.71102835
v -0.62108878 0.78750000 0.72624738
v -0.65152685 0.78750000 0.76591505
v -0.62108878 0.81250000 0.72624738
v -0.68657972 0.81250000 0.77052985
v -0.66674588 0.81250000 0.78574888
v -0.64092261 -0.78750000 0.71102835
v -0.67136068 -0.78750000 0.75069602
v -0.64092261 -0.81250000 0.71102835
v -0.62108878 -0.78750000 0.72624738
v -0.65152685 -0.78750000 0.76591505
v -0.62108878 -0.81250000 0.72624738
v -0.68657972 -0.81250000 0.77052985
v -0.66674588 -0.81250000 0.78574888
v -0.64092297 -1.2500000e-2 0.71102835
v -0.67136104 -1.2500000e-2 0.75069602
v -0.64092297 1.2500000e-2 0.71102835
v -0.67136104 1.2500000e-2 0.75069602
v -0.62108913 -1.2500000e-2 0.72624738
v -0.65152720 -1.2500000e-2 0.76591505
v -0.62108913 1.2500000e-2 0.72624738
v -0.65152720 1.2500000e-2 0.76591505
v -0.68658003 4.1633363e-17 0.77052985
v -0.66674619 4.1633363e-17 0.78574888
v -0.54075150 0.78750000 0.78789234
v -0.57118957 0.78750000 0.82756001
v -0.54075150 0.81250000 0.78789234
v -0.52091767 0.78750000 0.80311138
v -0.55135574 0.78750000 0.84277905
v -0.52091767 0.81250000 0.80311138
v -0.58640861 0.81250000 0.84739384
v -0.56657477 0.81250000 0.86261288
v -0.54075150 -0.78750000 0.78789234
v -0.57118957 -0.78750000 0.82756001
v -0.54075150 -0.81250000 0.78789234
v -0.52091767 -0.78750000 0.80311138
v -0.55135574 -0.78750000 0.84277905
v -0.52091767 -0.81250000 0.80311138
v -0.58640861 -0.81250000 0.84739384
v -0.56657477 -0.81250000 0.86261288
v -0.54075186 -1.2500000e-2 0.78789234
v -0.57118993 -1.2500000e-2 0.82756001
v -0.54075186 1.2500000e-2 0.78789234
v -0.57118993 1.2500000e-2 0.82756001
v -0.52091802 -1.2500000e-2 0.80311138
v -0.55135610 -1.2500000e-2 0.84277905
v -0.52091802 1.2500000e-2 0.80311138
v -0.55135610 1.2500000e-2 0.84277905
v -0.58640892 0.0000000e+0 0.84739384
v -0.56657508 0.0000000e+0 0.86261288
v 0.92970361 0.86250000 0.24911333
v 0.83354945 0.86250000 0.48125000
v 0.68059028 0.86250000 0.68059028
v 0.48125000 0.86250000 0.83354945
v 0.24911333 0.86250000 0.92970361
v 5.2873384e-17 0.86250000 0.96250000
v -0.24911333 0.86250000 0.92970361
v -0.48125000 0.86250000 0.83354945
v -0.68059028 0.86250000 0.68059028
v -0.83354945 0.86250000 0.48125000
v -0.92970361 0.86250000 0.24911333
v 0.92970361 -0.86250000 0.24911333
v 0.83354945 -0.86250000 0.48125000
v 0.68059028 -0.86250000 0.68059028
v 0.48125000 -0.86250000 0.83354945
v 0.24911333 -0.86250000 0.92970361
v 5.2873384e-17 -0.86250000 0.96250000
v -0.24911333 -0.86250000 0.92970361
v -0.48125000 -0.86250000 0.83354945
v -0.68059028 -0.86250000 0.68059028
v -0.83354945 -0.86250000 0.48125000
v -0.92970361 -0.86250000 0.24911333
v -0.96250000 0.86250000 5.6429953e-17
v -0.92970361 0.86250000 -0.24911333
v -0.83354945 0.86250000 -0.48125000
v -0.68059028 0.86250000 -0.68059028
v -0.48125000 0.86250000 -0.83354945
v -0.24911333 0.86250000 -0.92970361
v 6.4998870e-17 0.86250000 -0.96250000
v 0.24911333 0.86250000 -0.92970361
v 0.48125000 0.86250000 -0.83354945
v 0.68059028 0.86250000 -0.68059028
v 0.83354945 0.86250000 -0.48125000
v 0.92970361 0.86250000 -0.24911333
v 0.96250000 0.86250000 5.6429953e-17
v -0.96250000 -0.86250000 5.6429953e-17
v -0.92970361 -0.86250000 -0.24911333
v -0.83354945 -0.86250000 -0.48125000
v -0.68059028 -0.86250000 -0.68059028
v -0.48125000 -0.86250000 -0.83354945
v -0.24911333 -0.86250000 -0.92970361
v 6.4998870e-17 -0.86250000 -0.96250000
v 0.24911333 -0.86250000 -0.92970361
v 0.48125000 -0.86250000 -0.83354945
v 0.68059028 -0.86250000 -0.68059028
v 0.83354945 -0.86250000 -0.48125000
v 0.92970361 -0.86250000 -0.24911333
v 0.96250000 -0.86250000 5.6429953e-17
v 0.90555546 0.93750000 0.24264285
v 0.81189882 0.93750000 0.46875000
v 0.66291261 0.93750000 0.66291261
v 0.46875000 0.93750000 0.81189882
v 0.24264285 0.93750000 0.90555546
v 5.2307485e-17 0.93750000 0.93750000
v -0.24264285 0.93750000 0.90555546
v -0.46875000 0.93750000 0.81189882
v -0.66291261 0.93750000 0.66291261
v -0.81189882 0.93750000 0.46875000
v -0.90555546 0.93750000 0.24264285
v -0.93750000 0.93750000 1.0008838e-16
v -0.90555546 0.93750000 -0.24264285
v -0.81189882 0.93750000 -0.46875000
v -0.66291261 0.93750000 -0.66291261
v -0.46875000 0.93750000 -0.81189882
v -0.24264285 0.93750000 -0.90555546
v 6.4118023e-17 0.93750000 -0.93750000
v 0.24264285 0.93750000 -0.90555546
v 0.46875000 0.93750000 -0.81189882
v 0.66291261 0.93750000 -0.66291261
v 0.81189882 0.93750000 -0.46875000
v 0.90555546 0.93750000 -0.24264285
v 0.93750000 0.93750000 9.8870273e-18
v 0.90555546 -0.93750000 0.24264285
v 0.81189882 -0.93750000 0.46875000
v 0.66291261 -0.93750000 0.66291261
v 0.46875000 -0.93750000 0.81189882
v 0.24264285 -0.93750000 0.90555546
v 5.2307485e-17 -0.93750000 0.93750000
v -0.24264285 -0.93750000 0.90555546
v -0.46875000 -0.93750000 0.81189882
v -0.66291261 -0.93750000 0.66291261
v -0.81189882 -0.93750000 0.46875000
v -0.90555546 -0.93750000 0.24264285
v -0.93750000 -0.93750000 1.0008838e-16
v -0.90555546 -0.93750000 -0.24264285
v -0.81189882 -0.93750000 -0.46875000
v -0.66291261 -0.93750000 -0.66291261
v -0.46875000 -0.93750000 -0.81189882
v -0.24264285 -0.93750000 -0.90555546
v 6.4118023e-17 -0.93750000 -0.93750000
v 0.24264285 -0.93750000 -0.90555546
v 0.46875000 -0.93750000 -0.81189882
v 0.66291261 -0.93750000 -0.66291261
v 0.81189882 -0.93750000 -0.46875000
v 0.90555546 -0.93750000 -0.24264285
v 0.93750000 -0.93750000 9.8870273e-18
v 0.64092261 0.78750000 -0.71102835
v 0.67136068 0.78750000 -0.75069602
v 0.64092261 0.81250000 -0.71102835
v 0.62108878 0.78750000 -0.72624738
v 0.65152685 0.78750000 -0.76591505
v 0.62108878 0.81250000 -0.72624738
v 0.68657972 0.81250000 -0.77052985
v 0.66674588 0.81250000 -0.78574888
v 0.64092261 -0.78750000 -0.71102835
v 0.67136068 -0.78750000 -0.75069602
v 0.64092261 -0.81250000 -0.71102835
v 0.62108878 -0.78750000 -0.72624738
v 0.65152685 -0.78750000 -0.76591505
v 0.62108878 -0.81250000 -0.72624738
v 0.68657972 -0.81250000 -0.77052985
v 0.66674588 -0.81250000 -0.78574888
v 0.64092297 -1.2500000e-2 -0.71102835
v 0.67136104 -1.2500000e-2 -0.75069602
v 0.64092297 1.2500000e-2 -0.71102835
v 0.67136104 1.2500000e-2 -0.75069602
v 0.62108913 -1.2500000e-2 -0.72624738
v 0.65152720 -1.2500000e-2 -0.76591505
v 0.62108913 1.2500000e-2 -0.72624738
v 0.65152720 1.2500000e-2 -0.76591505
v 0.68658003 0.0000000e+0 -0.77052985
v 0.66674619 0.0000000e+0 -0.78574888
v 0.54075150 0.78750000 -0.78789234
v 0.57118957 0.78750000 -0.82756001
v 0.54075150 0.81250000 -0.78789234
v 0.52091767 0.78750000 -0.80311138
v 0.55135574 0.78750000 -0.84277905
v 0.52091767 0.81250000 -0.80311138
v 0.58640861 0.81250000 -0.84739384
v 0.56657477 0.81250000 -0.86261288
v 0.54075150 -0.78750000 -0.78789234
v 0.57118957 -0.78750000 -0.82756001
v 0.54075150 -0.81250000 -0.78789234
v 0.52091767 -0.78750000 -0.80311138
v 0.55135574 -0.78750000 -0.84277905
v 0.52091767 -0.81250000 -0.80311138
v 0.58640861 -0.81250000 -0.84739384
v 0.56657477 -0.81250000 -0.86261288
v 0.54075186 -1.2500000e-2 -0.78789234
v 0.57118993 -1.2500000e-2 -0.82756001
v 0.54075186 1.2500000e-2 -0.78789234
v 0.57118993 1.2500000e-2 -0.82756001
v 0.52091802 -1.2500000e-2 -0.80311138
v 0.55135610 -1.2500000e-2 -0.84277905
v 0.52091802 1.2500000e-2 -0.80311138
v 0.55135610 1.2500000e-2 -0.84277905
v 0.58640892 0.0000000e+0 -0.84739384
v 0.56657508 0.0000000e+0 -0.86261288
vn 0.91635770 0.31622777 0.24553731
vn 0.82158384 0.31622777 0.47434165
vn 0.67082039 0.31622777 0.67082039
vn 0.47434165 0.31622777 0.82158384
vn 0.24553731 0.31622777 0.91635770
vn 1.5384171e-16 0.31622777 0.94868330
vn -0.24553731 0.31622777 0.91635770
vn -0.47434165 0.31622777 0.82158384
vn -0.67082039 0.31622777 0.67082039
vn -0.82158384 0.31622777 0.47434165
vn -0.91635770 0.31622777 0.24553731
vn -0.94868330 0.31622777 1.8880573e-16
vn -0.91635770 0.31622777 -0.24553731
vn -0.82158384 0.31622777 -0.47434165
vn -0.67082039 0.31622777 -0.67082039
vn -0.47434165 0.31622777 -0.82158384
vn -0.24553731 0.31622777 -0.91635770
vn -1.5384171e-16 0.31622777 -0.94868330
vn 0.24553731 0.31622777 -0.91635770
vn 0.47434165 0.31622777 -0.82158384
vn 0.67082039 0.31622777 -0.67082039
vn 0.82158384 0.31622777 -0.47434165
vn 0.91635770 0.31622777 -0.24553731
vn 0.94868330 0.31622777 -2.0279134e-16
vn 0.91635770 -0.31622777 0.24553731
vn 0.82158384 -0.31622777 0.47434165
vn 0.67082039 -0.31622777 0.67082039
vn 0.47434165 -0.31622777 0.82158384
vn 0.24553731 -0.31622777 0.91635770
vn 1.5384171e-16 -0.31622777 0.94868330
vn -0.24553731 -0.31622777 0.91635770
vn -0.47434165 -0.31622777 0.82158384
vn -0.67082039 -0.31622777 0.67082039
vn -0.82158384 -0.31622777 0.47434165
vn -0.91635770 -0.31622777 0.24553731
vn -0.94868330 -0.31622777 1.8880573e-16
vn -0.91635770 -0.31622777 -0.24553731
vn -0.82158384 -0.31622777 -0.47434165
vn -0.67082039 -0.31622777 -0.67082039
vn -0.47434165 -0.31622777 -0.82158384
vn -0.24553731 -0.31622777 -0.91635770
vn -1.5384171e-16 -0.31622777 -0.94868330
vn 0.24553731 -0.31622777 -0.91635770
vn 0.47434165 -0.31622777 -0.82158384
vn 0.67082039 -0.31622777 -0.67082039
vn 0.82158384 -0.31622777 -0.47434165
vn 0.91635770 -0.31622777 -0.24553731
vn 0.94868330 -0.31622777 -2.0279134e-16
vn 0.0000000e+0 -1.00000000 0.0000000e+0
vn -0.79335334 1.3877788e-16 -0.60876143
vn 0.0000000e+0 -1.00000000 0.0000000e+0
vn -0.79335355 1.6635339e-7 -0.60876116
vn 0.60876143 -2.8017932e-7 -0.79335334
vn -0.79335355 1.6635339e-7 -0.60876116
vn 9.0114794e-16 1.00000000 -1.1743989e-15
vn -0.79335334 1.3877788e-16 -0.60876143
vn 0.0000000e+0 -1.00000000 0.0000000e+0
vn 0.79335334 -1.3877788e-16 0.60876143
vn 0.0000000e+0 -1.00000000 0.0000000e+0
vn 0.60876143 -2.8017932e-7 -0.79335334
vn 0.79335355 -1.6635339e-7 0.60876116
vn 0.79335355 -1.6635339e-7 0.60876116
vn 9.0114794e-16 1.00000000 -1.1743989e-15
vn 0.79335334 -1.3877788e-16 0.60876143
vn 9.0114794e-16 1.00000000 -1.1743989e-15
vn -0.79335355 1.6635339e-7 -0.60876116
vn -0.60876143 2.3155872e-7 0.79335334
vn -0.79335355 1.6635339e-7 -0.60876116
vn 9.0114794e-16 1.00000000 -1.1743989e-15
vn -0.60876143 2.3155872e-7 0.79335334
vn 0.79335355 -1.6635339e-7 0.60876116
vn 0.79335355 -1.6635339e-7 0.60876116
vn 0.0000000e+0 1.00000000 0.0000000e+0
vn -0.79335334 -1.3877788e-16 -0.60876143
vn 0.0000000e+0 1.00000000 0.0000000e+0
vn -0.79335355 -1.6635339e-7 -0.60876116
vn 0.60876143 2.8017932e-7 -0.79335334
vn -0.79335355 -1.6635339e-7 -0.60876116
vn 9.0114794e-16 -1.00000000 -1.1743989e-15
vn -0.79335334 -1.3877788e-16 -0.60876143
vn 0.0000000e+0 1.00000000 0.0000000e+0
vn 0.79335334 1.3877788e-16 0.60876143
vn 0.0000000e+0 1.00000000 0.0000000e+0
vn 0.60876143 2.8017932e-7 -0.79335334
vn 0.79335355 1.6635339e-7 0.60876116
vn 0.79335355 1.6635339e-7 0.60876116
vn 9.0114794e-16 -1.00000000 -1.1743989e-15
vn 0.79335334 1.3877788e-16 0.60876143
vn 9.0114794e-16 -1.00000000 -1.1743989e-15
vn -0.79335355 -1.6635339e-7 -0.60876116
vn -0.60876143 -2.3155872e-7 0.79335334
vn -0.79335355 -1.6635339e-7 -0.60876116
vn 9.0114794e-16 -1.00000000 -1.1743989e-15
vn 0.79335355 1.6635339e-7 0.60876116
vn -0.60876143 -2.3155872e-7 0.79335334
vn 0.79335355 1.6635339e-7 0.60876116
vn 0.0000000e+0 -1.00000000 0.0000000e+0
vn -0.79335334 0.0000000e+0 -0.60876143
vn 0.0000000e+0 -1.00000000 0.0000000e+0
vn -0.79335378 -1.1090226e-7 -0.60876085
vn 0.60876143 2.8017932e-7 -0.79335334
vn -0.79335378 -1.1090226e-7 -0.60876085
vn -0.79335378 -1.1090226e-7 -0.60876085
vn 1.2672393e-15 1.00000000 -1.6514984e-15
vn -0.79335334 0.0000000e+0 -0.60876143
vn 1.2672393e-15 1.00000000 -1.6514984e-15
vn -0.79335378 1.1090226e-7 -0.60876085
vn 0.60876143 -2.8017932e-7 -0.79335334
vn -0.79335378 1.1090226e-7 -0.60876085
vn -0.79335378 1.1090226e-7 -0.60876085
vn 0.0000000e+0 -1.00000000 0.0000000e+0
vn 0.79335334 0.0000000e+0 0.60876143
vn 0.0000000e+0 -1.00000000 0.0000000e+0
vn 0.79335378 1.1090226e-7 0.60876085
vn 0.79335378 1.1090226e-7 0.60876085
vn 0.60876143 2.8017932e-7 -0.79335334
vn 0.79335378 1.1090226e-7 0.60876085
vn 1.2672393e-15 1.00000000 -1.6514984e-15
vn 0.79335334 0.0000000e+0 0.60876143
vn 1.2672393e-15 1.00000000 -1.6514984e-15
vn 0.79335378 -1.1090226e-7 0.60876085
vn 0.79335378 -1.1090226e-7 0.60876085
vn 0.60876143 -2.8017932e-7 -0.79335334
vn 0.79335378 -1.1090226e-7 0.60876085
vn -0.60876143 0.0000000e+0 0.79335334
vn -0.60876143 0.0000000e+0 0.79335334
vn -0.79335392 0.0000000e+0 -0.60876067
vn -0.79335392 0.0000000e+0 -0.60876067
vn -0.79335392 0.0000000e+0 -0.60876067
vn 0.79335392 0.0000000e+0 0.60876067
vn 0.79335392 0.0000000e+0 0.60876067
vn -0.60876143 0.0000000e+0 0.79335334
vn -0.60876143 0.0000000e+0 0.79335334
vn 0.79335392 0.0000000e+0 0.60876067
vn 0.0000000e+0 -1.00000000 0.0000000e+0
vn -0.79335334 1.3877788e-16 -0.60876143
vn 0.0000000e+0 -1.00000000 0.0000000e+0
vn -0.79335355 1.6635339e-7 -0.60876116
vn 0.60876143 -2.8017932e-7 -0.79335334
vn -0.79335355 1.6635339e-7 -0.60876116
vn 9.0114794e-16 1.00000000 -1.1743989e-15
vn -0.79335334 1.3877788e-16 -0.60876143
vn 0.0000000e+0 -1.00000000 0.0000000e+0
vn 0.79335334 -1.3877788e-16 0.60876143
vn 0.0000000e+0 -1.00000000 0.0000000e+0
vn 0.60876143 -2.8017932e-7 -0.79335334
vn 0.79335355 -1.6635339e-7 0.60876116
vn 0.79335355 -1.6635339e-7 0.60876116
vn 9.0114794e-16 1.00000000 -1.1743989e-15
vn 0.79335334 -1.3877788e-16 0.60876143
vn 9.0114794e-16 1.00000000 -1.1743989e-15
vn -0.79335355 1.6635339e-7 -0.60876116
vn -0.60876143 2.3155872e-7 0.79335334
vn -0.79335355 1.6635339e-7 -0.60876116
vn 9.0114794e-16 1.00000000 -1.1743989e-15
vn -0.60876143 2.3155872e-7 0.79335334
vn 0.79335355 -1.6635339e-7 0.60876116
vn 0.79335355 -1.6635339e-7 0.60876116
vn 0.0000000e+0 1.00000000 0.0000000e+0
vn -0.79335334 -1.3877788e-16 -0.60876143
vn 0.0000000e+0 1.00000000 0.0000000e+0
vn -0.79335355 -1.6635339e-7 -0.60876116
vn 0.60876143 2.8017932e-7 -0.79335334
vn -0.79335355 -1.6635339e-7 -0.60876116
vn 9.0114794e-16 -1.00000000 -1.1743989e-15
vn -0.79335334 -1.3877788e-16 -0.60876143
vn 0.0000000e+0 1.00000000 0.0000000e+0
vn 0.79335334 1.3877788e-16 0.60876143
vn 0.0000000e+0 1.00000000 0.0000000e+0
vn 0.60876143 2.8017932e-7 -0.79335334
vn 0.79335355 1.6635339e-7 0.60876116
vn 0.79335355 1.6635339e-7 0.60876116
vn 9.0114794e-16 -1.00000000 -1.1743989e-15
vn 0.79335334 1.3877788e-16 0.60876143
vn 9.0114794e-16 -1.00000000 -1.1743989e-15
vn -0.79335355 -1.6635339e-7 -0.60876116
vn -0.60876143 -2.3155872e-7 0.79335334
vn -0.79335355 -1.6635339e-7 -0.60876116
vn 9.0114794e-16 -1.00000000 -1.1743989e-15
vn 0.79335355 1.6635339e-7 0.60876116
vn -0.60876143 -2.3155872e-7 0.79335334
vn 0.79335355 1.6635339e-7 0.60876116
vn 0.0000000e+0 -1.00000000 0.0000000e+0
vn -0.79335334 0.0000000e+0 -0.60876143
vn 0.0000000e+0 -1.00000000 0.0000000e+0
vn -0.79335378 -1.1090226e-7 -0.60876085
vn 0.60876143 2.8017932e-7 -0.79335334
vn -0.79335378 -1.1090226e-7 -0.60876085
vn -0.79335378 -1.1090226e-7 -0.60876085
vn 1.3517219e-15 1.00000000 -1.7615983e-15
vn -0.79335334 0.0000000e+0 -0.60876143
vn 1.3517219e-15 1.00000000 -1.7615983e-15
vn -0.79335378 1.1090226e-7 -0.60876085
vn 0.60876143 -2.8017932e-7 -0.79335334
vn -0.79335378 1.1090226e-7 -0.60876085
vn -0.79335378 1.1090226e-7 -0.60876085
vn 0.0000000e+0 -1.00000000 0.0000000e+0
vn 0.79335334 0.0000000e+0 0.60876143
vn 0.0000000e+0 -1.00000000 0.0000000e+0
vn 0.79335378 1.1090226e-7 0.60876085
vn 0.79335378 1.1090226e-7 0.60876085
vn 0.60876143 2.8017932e-7 -0.79335334
vn 0.79335378 1.1090226e-7 0.60876085
vn 1.3517219e-15 1.00000000 -1.7615983e-15
vn 0.79335334 0.0000000e+0 0.60876143
vn 1.3517219e-15 1.00000000 -1.7615983e-15
vn 0.79335378 -1.1090226e-7 0.60876085
vn 0.79335378 -1.1090226e-7 0.60876085
vn 0.60876143 -2.8017932e-7 -0.79335334
vn 0.79335378 -1.1090226e-7 0.60876085
vn -0.60876143 0.0000000e+0 0.79335334
vn -0.60876143 0.0000000e+0 0.79335334
vn -0.79335392 0.0000000e+0 -0.60876067
vn -0.79335392 0.0000000e+0 -0.60876067
vn -0.79335392 0.0000000e+0 -0.60876067
vn 0.79335392 0.0000000e+0 0.60876067
vn 0.79335392 0.0000000e+0 0.60876067
vn -0.60876143 0.0000000e+0 0.79335334
vn -0.60876143 0.0000000e+0 0.79335334
vn 0.79335392 0.0000000e+0 0.60876067
vn 0.96592583 0.0000000e+0 0.25881905
vn 0.96592583 0.0000000e+0 0.25881905
vn 0.91635770 0.31622777 0.24553731
vn 0.91635770 0.31622777 0.24553731
vn 0.86602540 0.0000000e+0 0.50000000
vn 0.86602540 0.0000000e+0 0.50000000
vn 0.82158384 0.31622777 0.47434165
vn 0.82158384 0.31622777 0.47434165
vn 0.70710678 0.0000000e+0 0.70710678
vn 0.70710678 0.0000000e+0 0.70710678
vn 0.67082039 0.31622777 0.67082039
vn 0.67082039 0.31622777 0.67082039
vn 0.50000000 0.0000000e+0 0.86602540
vn 0.50000000 0.0000000e+0 0.86602540
vn 0.47434165 0.31622777 0.82158384
vn 0.47434165 0.31622777 0.82158384
vn 0.25881905 0.0000000e+0 0.96592583
vn 0.25881905 0.0000000e+0 0.96592583
vn 0.24553731 0.31622777 0.91635770
vn 0.24553731 0.31622777 0.91635770
vn 1.5397293e-16 0.0000000e+0 1.00000000
vn 1.5397293e-16 0.0000000e+0 1.00000000
vn 1.5384171e-16 0.31622777 0.94868330
vn 1.5384171e-16 0.31622777 0.94868330
vn -0.25881905 0.0000000e+0 0.96592583
vn -0.25881905 0.0000000e+0 0.96592583
vn -0.24553731 0.31622777 0.91635770
vn -0.24553731 0.31622777 0.91635770
vn -0.50000000 0.0000000e+0 0.86602540
vn -0.50000000 0.0000000e+0 0.86602540
vn -0.47434165 0.31622777 0.82158384
vn -0.47434165 0.31622777 0.82158384
vn -0.70710678 0.0000000e+0 0.70710678
vn -0.70710678 0.0000000e+0 0.70710678
vn -0.67082039 0.31622777 0.67082039
vn -0.67082039 0.31622777 0.67082039
vn -0.86602540 0.0000000e+0 0.50000000
vn -0.86602540 0.0000000e+0 0.50000000
vn -0.82158384 0.31622777 0.47434165
vn -0.82158384 0.31622777 0.47434165
vn -0.96592583 0.0000000e+0 0.25881905
vn -0.96592583 0.0000000e+0 0.25881905
vn -0.91635770 0.31622777 0.24553731
vn -0.91635770 0.31622777 0.24553731
vn 0.96592583 0.0000000e+0 0.25881905
vn 0.96592583 0.0000000e+0 0.25881905
vn 0.91635770 -0.31622777 0.24553731
vn 0.91635770 -0.31622777 0.24553731
vn 0.86602540 0.0000000e+0 0.50000000
vn 0.86602540 0.0000000e+0 0.50000000
vn 0.82158384 -0.31622777 0.47434165
vn 0.82158384 -0.31622777 0.47434165
vn 0.70710678 0.0000000e+0 0.70710678
vn 0.70710678 0.0000000e+0 0.70710678
vn 0.67082039 -0.31622777 0.67082039
vn 0.67082039 -0.31622777 0.67082039
vn 0.50000000 0.0000000e+0 0.86602540
vn 0.50000000 0.0000000e+0 0.86602540
vn 0.47434165 -0.31622777 0.82158384
vn 0.47434165 -0.31622777 0.82158384
vn 0.25881905 0.0000000e+0 0.96592583
vn 0.25881905 0.0000000e+0 0.96592583
vn 0.24553731 -0.31622777 0.91635770
vn 0.24553731 -0.31622777 0.91635770
vn 1.5397293e-16 0.0000000e+0 1.00000000
vn 1.5397293e-16 0.0000000e+0 1.00000000
vn 1.5384171e-16 -0.31622777 0.94868330
vn 1.5384171e-16 -0.31622777 0.94868330
vn -0.25881905 0.0000000e+0 0.96592583
vn -0.25881905 0.0000000e+0 0.96592583
vn -0.24553731 -0.31622777 0.91635770
vn -0.24553731 -0.31622777 0.91635770
vn -0.50000000 0.0000000e+0 0.86602540
vn -0.50000000 0.0000000e+0 0.86602540
vn -0.47434165 -0.31622777 0.82158384
vn -0.47434165 -0.31622777 0.82158384
vn -0.70710678 0.0000000e+0 0.70710678
vn -0.70710678 0.0000000e+0 0.70710678
vn -0.67082039 -0.31622777 0.67082039
vn -0.67082039 -0.31622777 0.67082039
vn -0.86602540 0.0000000e+0 0.50000000
vn -0.86602540 0.0000000e+0 0.50000000
vn -0.82158384 -0.31622777 0.47434165
vn -0.82158384 -0.31622777 0.47434165
vn -0.96592583 0.0000000e+0 0.25881905
vn -0.96592583 0.0000000e+0 0.25881905
vn -0.91635770 -0.31622777 0.24553731
vn -0.91635770 -0.31622777 0.24553731
vn -1.00000000 0.0000000e+0 1.8196800e-16
vn -1.00000000 0.0000000e+0 1.8196800e-16
vn -0.94868330 0.31622777 1.8880573e-16
vn -0.94868330 0.31622777 1.8880573e-16
vn -0.96592583 0.0000000e+0 -0.25881905
vn -0.96592583 0.0000000e+0 -0.25881905
vn -0.91635770 0.31622777 -0.24553731
vn -0.91635770 0.31622777 -0.24553731
vn -0.86602540 0.0000000e+0 -0.50000000
vn -0.86602540 0.0000000e+0 -0.50000000
vn -0.82158384 0.31622777 -0.47434165
vn -0.82158384 0.31622777 -0.47434165
vn -0.70710678 0.0000000e+0 -0.70710678
vn -0.70710678 0.0000000e+0 -0.70710678
vn -0.67082039 0.31622777 -0.67082039
vn -0.67082039 0.31622777 -0.67082039
vn -0.50000000 0.0000000e+0 -0.86602540
vn -0.50000000 0.0000000e+0 -0.86602540
vn -0.47434165 0.31622777 -0.82158384
vn -0.47434165 0.31622777 -0.82158384
vn -0.25881905 0.0000000e+0 -0.96592583
vn -0.25881905 0.0000000e+0 -0.96592583
vn -0.24553731 0.31622777 -0.91635770
vn -0.24553731 0.31622777 -0.91635770
vn -1.5397293e-16 0.0000000e+0 -1.00000000
vn -1.5397293e-16 0.0000000e+0 -1.00000000
vn -1.5384171e-16 0.31622777 -0.94868330
vn -1.5384171e-16 0.31622777 -0.94868330
vn 0.25881905 0.0000000e+0 -0.96592583
vn 0.25881905 0.0000000e+0 -0.96592583
vn 0.24553731 0.31622777 -0.91635770
vn 0.24553731 0.31622777 -0.91635770
vn 0.50000000 0.0000000e+0 -0.86602540
vn 0.50000000 0.0000000e+0 -0.86602540
vn 0.47434165 0.31622777 -0.82158384
vn 0.47434165 0.31622777 -0.82158384
vn 0.70710678 0.0000000e+0 -0.70710678
vn 0.70710678 0.0000000e+0 -0.70710678
vn 0.67082039 0.31622777 -0.67082039
vn 0.67082039 0.31622777 -0.67082039
vn 0.86602540 0.0000000e+0 -0.50000000
vn 0.86602540 0.0000000e+0 -0.50000000
vn 0.82158384 0.31622777 -0.47434165
vn 0.82158384 0.31622777 -0.47434165
vn 0.96592583 0.0000000e+0 -0.25881905
vn 0.96592583 0.0000000e+0 -0.25881905
vn 0.91635770 0.31622777 -0.24553731
vn 0.91635770 0.31622777 -0.24553731
vn 1.00000000 0.0000000e+0 -1.8196800e-16
vn 1.00000000 0.0000000e+0 -1.8196800e-16
vn 0.94868330 0.31622777 -2.0279134e-16
vn 0.94868330 0.31622777 -2.0279134e-16
vn -1.00000000 0.0000000e+0 1.8196800e-16
vn -1.00000000 0.0000000e+0 1.8196800e-16
vn -0.94868330 -0.31622777 1.8880573e-16
vn -0.94868330 -0.31622777 1.8880573e-16
vn -0.96592583 0.0000000e+0 -0.25881905
vn -0.96592583 0.0000000e+0 -0.25881905
vn -0.91635770 -0.31622777 -0.24553731
vn -0.91635770 -0.31622777 -0.24553731
vn -0.86602540 0.0000000e+0 -0.50000000
vn -0.86602540 0.0000000e+0 -0.50000000
vn -0.82158384 -0.31622777 -0.47434165
vn -0.82158384 -0.31622777 -0.47434165
vn -0.70710678 0.0000000e+0 -0.70710678
vn -0.70710678 0.0000000e+0 -0.70710678
vn -0.67082039 -0.31622777 -0.67082039
vn -0.67082039 -0.31622777 -0.67082039
vn -0.50000000 0.0000000e+0 -0.86602540
vn -0.50000000 0.0000000e+0 -0.86602540
vn -0.47434165 -0.31622777 -0.82158384
vn -0.47434165 -0.31622777 -0.82158384
vn -0.25881905 0.0000000e+0 -0.96592583
vn -0.25881905 0.0000000e+0 -0.96592583
vn -0.24553731 -0.31622777 -0.91635770
vn -0.24553731 -0.31622777 -0.91635770
vn -1.5397293e-16 0.0000000e+0 -1.00000000
vn -1.5397293e-16 0.0000000e+0 -1.00000000
vn -1.5384171e-16 -0.31622777 -0.94868330
vn -1.5384171e-16 -0.31622777 -0.94868330
vn 0.25881905 0.0000000e+0 -0.96592583
vn 0.25881905 0.0000000e+0 -0.96592583
vn 0.24553731 -0.31622777 -0.91635770
vn 0.24553731 -0.31622777 -0.91635770
vn 0.50000000 0.0000000e+0 -0.86602540
vn 0.50000000 0.0000000e+0 -0.86602540
vn 0.47434165 -0.31622777 -0.82158384
vn 0.47434165 -0.31622777 -0.82158384
vn 0.70710678 0.0000000e+0 -0.70710678
vn 0.70710678 0.0000000e+0 -0.70710678
vn 0.67082039 -0.31622777 -0.67082039
vn 0.67082039 -0.31622777 -0.67082039
vn 0.86602540 0.0000000e+0 -0.50000000
vn 0.86602540 0.0000000e+0 -0.50000000
vn 0.82158384 -0.31622777 -0.47434165
vn 0.82158384 -0.31622777 -0.47434165
vn 0.96592583 0.0000000e+0 -0.25881905
vn 0.96592583 0.0000000e+0 -0.25881905
vn 0.91635770 -0.31622777 -0.24553731
vn 0.91635770 -0.31622777 -0.24553731
vn 1.00000000 0.0000000e+0 -1.8196800e-16
vn 1.00000000 0.0000000e+0 -1.8196800e-16
vn 0.94868330 -0.31622777 -2.0279134e-16
vn 0.94868330 -0.31622777 -2.0279134e-16
vn 0.0000000e+0 -1.00000000 0.0000000e+0
vn 0.79335334 1.3877788e-16 0.60876143
vn 0.0000000e+0 -1.00000000 0.0000000e+0
vn 0.79335355 1.6635339e-7 0.60876116
vn -0.60876143 -2.8017932e-7 0.79335334
vn 0.79335355 1.6635339e-7 0.60876116
vn 0.0000000e+0 1.00000000 0.0000000e+0
vn 0.79335334 1.3877788e-16 0.60876143
vn 0.0000000e+0 -1.00000000 0.0000000e+0
vn -0.79335334 -1.3877788e-16 -0.60876143
vn 0.0000000e+0 -1.00000000 0.0000000e+0
vn -0.60876143 -2.8017932e-7 0.79335334
vn -0.79335355 -1.6635339e-7 -0.60876116
vn -0.79335355 -1.6635339e-7 -0.60876116
vn 0.0000000e+0 1.00000000 0.0000000e+0
vn -0.79335334 -1.3877788e-16 -0.60876143
vn 0.0000000e+0 1.00000000 0.0000000e+0
vn 0.79335355 1.6635339e-7 0.60876116
vn 0.60876143 2.3155872e-7 -0.79335334
vn 0.79335355 1.6635339e-7 0.60876116
vn 0.0000000e+0 1.00000000 0.0000000e+0
vn 0.60876143 2.3155872e-7 -0.79335334
vn -0.79335355 -1.6635339e-7 -0.60876116
vn -0.79335355 -1.6635339e-7 -0.60876116
vn 0.0000000e+0 1.00000000 0.0000000e+0
vn 0.79335334 -1.3877788e-16 0.60876143
vn 0.0000000e+0 1.00000000 0.0000000e+0
vn 0.79335355 -1.6635339e-7 0.60876116
vn -0.60876143 2.8017932e-7 0.79335334
vn 0.79335355 -1.6635339e-7 0.60876116
vn -1.8022959e-15 -1.00000000 2.3487977e-15
vn 0.79335334 -1.3877788e-16 0.60876143
vn 0.0000000e+0 1.00000000 0.0000000e+0
vn -0.79335334 1.3877788e-16 -0.60876143
vn 0.0000000e+0 1.00000000 0.0000000e+0
vn -0.60876143 2.8017932e-7 0.79335334
vn -0.79335355 1.6635339e-7 -0.60876116
vn -0.79335355 1.6635339e-7 -0.60876116
vn -1.8022959e-15 -1.00000000 2.3487977e-15
vn -0.79335334 1.3877788e-16 -0.60876143
vn -1.8022959e-15 -1.00000000 2.3487977e-15
vn 0.79335355 -1.6635339e-7 0.60876116
vn 0.60876143 -2.3155872e-7 -0.79335334
vn 0.79335355 -1.6635339e-7 0.60876116
vn -1.8022959e-15 -1.00000000 2.3487977e-15
vn -0.79335355 1.6635339e-7 -0.60876116
vn 0.60876143 -2.3155872e-7 -0.79335334
vn -0.79335355 1.6635339e-7 -0.60876116
vn 0.0000000e+0 -1.00000000 0.0000000e+0
vn 0.79335334 0.0000000e+0 0.60876143
vn 0.0000000e+0 -1.00000000 0.0000000e+0
vn 0.79335378 -1.1090226e-7 0.60876085
vn -0.60876143 2.8017932e-7 0.79335334
vn 0.79335378 -1.1090226e-7 0.60876085
vn 0.79335378 -1.1090226e-7 0.60876085
vn 0.0000000e+0 1.00000000 0.0000000e+0
vn 0.79335334 0.0000000e+0 0.60876143
vn 0.0000000e+0 1.00000000 0.0000000e+0
vn 0.79335378 1.1090226e-7 0.60876085
vn -0.60876143 -2.8017932e-7 0.79335334
vn 0.79335378 1.1090226e-7 0.60876085
vn 0.79335378 1.1090226e-7 0.60876085
vn 0.0000000e+0 -1.00000000 0.0000000e+0
vn -0.79335334 0.0000000e+0 -0.60876143
vn 0.0000000e+0 -1.00000000 0.0000000e+0
vn -0.79335378 1.1090226e-7 -0.60876085
vn -0.79335378 1.1090226e-7 -0.60876085
vn -0.60876143 2.8017932e-7 0.79335334
vn -0.79335378 1.1090226e-7 -0.60876085
vn 0.0000000e+0 1.00000000 0.0000000e+0
vn -0.79335334 0.0000000e+0 -0.60876143
vn 0.0000000e+0 1.00000000 0.0000000e+0
vn -0.79335378 -1.1090226e-7 -0.60876085
vn -0.79335378 -1.1090226e-7 -0.60876085
vn -0.60876143 -2.8017932e-7 0.79335334
vn -0.79335378 -1.1090226e-7 -0.60876085
vn 0.60876143 0.0000000e+0 -0.79335334
vn 0.60876143 0.0000000e+0 -0.79335334
vn 0.79335392 3.5293039e-23 0.60876067
vn 0.79335392 3.5293039e-23 0.60876067
vn 0.79335392 3.5293039e-23 0.60876067
vn -0.79335392 -3.5293039e-23 -0.60876067
vn -0.79335392 -3.5293039e-23 -0.60876067
vn 0.60876143 0.0000000e+0 -0.79335334
vn 0.60876143 0.0000000e+0 -0.79335334
vn -0.79335392 -3.5293039e-23 -0.60876067
vn 0.0000000e+0 -1.00000000 0.0000000e+0
vn 0.79335334 1.3877788e-16 0.60876143
vn 0.0000000e+0 -1.00000000 0.0000000e+0
vn 0.79335355 1.6635339e-7 0.60876116
vn -0.60876143 -2.8017932e-7 0.79335334
vn 0.79335355 1.6635339e-7 0.60876116
vn 0.0000000e+0 1.00000000 0.0000000e+0
vn 0.79335334 1.3877788e-16 0.60876143
vn 0.0000000e+0 -1.00000000 0.0000000e+0
vn -0.79335334 -1.3877788e-16 -0.60876143
vn 0.0000000e+0 -1.00000000 0.0000000e+0
vn -0.60876143 -2.8017932e-7 0.79335334
vn -0.79335355 -1.6635339e-7 -0.60876116
vn -0.79335355 -1.6635339e-7 -0.60876116
vn 0.0000000e+0 1.00000000 0.0000000e+0
vn -0.79335334 -1.3877788e-16 -0.60876143
vn 0.0000000e+0 1.00000000 0.0000000e+0
vn 0.79335355 1.6635339e-7 0.60876116
vn 0.60876143 2.3155872e-7 -0.79335334
vn 0.79335355 1.6635339e-7 0.60876116
vn 0.0000000e+0 1.00000000 0.0000000e+0
vn 0.60876143 2.3155872e-7 -0.79335334
vn -0.79335355 -1.6635339e-7 -0.60876116
vn -0.79335355 -1.6635339e-7 -0.60876116
vn 0.0000000e+0 1.00000000 0.0000000e+0
vn 0.79335334 -1.3877788e-16 0.60876143
