# Exported from Wings 3D 1.5.4
mtllib Nashira_Truss_2_1_Collider.mtl
o Nashira_Truss_2_1_Collider
#16 vertices, 10 faces
v 0.72500000 0.97750000 -0.30030483
v 0.72500000 0.97750000 0.30030483
v 0.30030483 0.97750000 0.72500000
v -0.30030483 0.97750000 0.72500000
v -0.72500000 0.97750000 0.30030483
v -0.72500000 0.97750000 -0.30030483
v -0.30030483 0.97750000 -0.72500000
v 0.30030483 0.97750000 -0.72500000
v 0.72500000 -0.97750000 -0.30030483
v 0.72500000 -0.97750000 0.30030483
v 0.30030483 -0.97750000 0.72500000
v -0.30030483 -0.97750000 0.72500000
v -0.72500000 -0.97750000 0.30030483
v -0.72500000 -0.97750000 -0.30030483
v -0.30030483 -0.97750000 -0.72500000
v 0.30030483 -0.97750000 -0.72500000
vn 0.0000000e+0 1.00000000 0.0000000e+0
vn 0.70710678 0.0000000e+0 -0.70710678
vn 1.00000000 0.0000000e+0 0.0000000e+0
vn 0.0000000e+0 1.00000000 0.0000000e+0
vn 0.70710678 0.0000000e+0 0.70710678
vn 1.00000000 0.0000000e+0 0.0000000e+0
vn 0.0000000e+0 1.00000000 0.0000000e+0
vn 0.0000000e+0 0.0000000e+0 1.00000000
vn 0.70710678 0.0000000e+0 0.70710678
vn 0.0000000e+0 1.00000000 0.0000000e+0
vn -0.70710678 0.0000000e+0 0.70710678
vn 0.0000000e+0 0.0000000e+0 1.00000000
vn 0.0000000e+0 1.00000000 0.0000000e+0
vn -1.00000000 0.0000000e+0 1.8484934e-16
vn -0.70710678 0.0000000e+0 0.70710678
vn 0.0000000e+0 1.00000000 0.0000000e+0
vn -0.70710678 0.0000000e+0 -0.70710678
vn -1.00000000 0.0000000e+0 1.8484934e-16
vn 0.0000000e+0 1.00000000 0.0000000e+0
vn -3.6969869e-16 0.0000000e+0 -1.00000000
vn -0.70710678 0.0000000e+0 -0.70710678
vn 0.0000000e+0 1.00000000 0.0000000e+0
vn 0.70710678 0.0000000e+0 -0.70710678
vn -3.6969869e-16 0.0000000e+0 -1.00000000
vn 0.0000000e+0 -1.00000000 -3.1870576e-17
vn 0.70710678 0.0000000e+0 -0.70710678
vn 1.00000000 0.0000000e+0 0.0000000e+0
vn 0.0000000e+0 -1.00000000 -3.1870576e-17
vn 0.70710678 0.0000000e+0 0.70710678
vn 1.00000000 0.0000000e+0 0.0000000e+0
vn 0.0000000e+0 -1.00000000 -3.1870576e-17
vn 0.0000000e+0 0.0000000e+0 1.00000000
vn 0.70710678 0.0000000e+0 0.70710678
vn 0.0000000e+0 -1.00000000 -3.1870576e-17
vn -0.70710678 0.0000000e+0 0.70710678
vn 0.0000000e+0 0.0000000e+0 1.00000000
vn 0.0000000e+0 -1.00000000 -3.1870576e-17
vn -1.00000000 0.0000000e+0 1.8484934e-16
vn -0.70710678 0.0000000e+0 0.70710678
vn 0.0000000e+0 -1.00000000 -3.1870576e-17
vn -0.70710678 0.0000000e+0 -0.70710678
vn -1.00000000 0.0000000e+0 1.8484934e-16
vn 0.0000000e+0 -1.00000000 -3.1870576e-17
vn -3.6969869e-16 0.0000000e+0 -1.00000000
vn -0.70710678 0.0000000e+0 -0.70710678
vn 0.0000000e+0 -1.00000000 -3.1870576e-17
vn 0.70710678 0.0000000e+0 -0.70710678
vn -3.6969869e-16 0.0000000e+0 -1.00000000
g Nashira_Truss_2_1_Collider_default
usemtl default
s 1
f 1//2 9//26 16//47 8//23
f 4//12 12//36 11//32 3//8
f 6//18 14//42 13//38 5//14
s 2
f 2//6 10//30 9//27 1//3
f 5//15 13//39 12//35 4//11
f 7//21 15//45 14//41 6//17
s 3
f 1//1 8//22 7//19 6//16 5//13 4//10 3//7 2//4
f 10//28 11//31 12//34 13//37 14//40 15//43 16//46 9//25
s 4
f 3//9 11//33 10//29 2//5
f 8//24 16//48 15//44 7//20
