# Exported from Wings 3D 1.5.4
mtllib Acamar_Lab_2_Collider.mtl
o Acamar_Lab_2_Collider1
#16 vertices, 10 faces
v 1.05000000 0.45000000 -0.43492424
v 1.05000000 0.45000000 0.43492424
v 0.43492424 0.45000000 1.05000000
v -0.43492424 0.45000000 1.05000000
v -1.05000000 0.45000000 0.43492424
v -1.05000000 0.45000000 -0.43492424
v -0.43492424 0.45000000 -1.05000000
v 0.43492424 0.45000000 -1.05000000
v 1.05000000 -0.32500000 -0.43492424
v 1.05000000 -0.32500000 0.43492424
v 0.43492424 -0.32500000 1.05000000
v -0.43492424 -0.32500000 1.05000000
v -1.05000000 -0.32500000 0.43492424
v -1.05000000 -0.32500000 -0.43492424
v -0.43492424 -0.32500000 -1.05000000
v 0.43492424 -0.32500000 -1.05000000
vn 0.0000000e+0 1.00000000 -3.0389064e-17
vn 0.70710678 -1.6468912e-16 -0.70710678
vn 1.00000000 -2.8650917e-16 0.0000000e+0
vn 0.0000000e+0 1.00000000 -3.0389064e-17
vn 0.70710678 -1.2351684e-16 0.70710678
vn 1.00000000 -2.8650917e-16 0.0000000e+0
vn 0.0000000e+0 1.00000000 -3.0389064e-17
vn 0.0000000e+0 0.0000000e+0 1.00000000
vn 0.70710678 -1.2351684e-16 0.70710678
vn 0.0000000e+0 1.00000000 -3.0389064e-17
vn -0.70710678 1.2351684e-16 0.70710678
vn 0.0000000e+0 0.0000000e+0 1.00000000
vn 0.0000000e+0 1.00000000 -3.0389064e-17
vn -1.00000000 1.4325458e-16 3.8290221e-16
vn -0.70710678 1.2351684e-16 0.70710678
vn 0.0000000e+0 1.00000000 -3.0389064e-17
vn -0.70710678 8.2344562e-17 -0.70710678
vn -1.00000000 1.4325458e-16 3.8290221e-16
vn 0.0000000e+0 1.00000000 -3.0389064e-17
vn -2.5526814e-16 3.6568331e-32 -1.00000000
vn -0.70710678 8.2344562e-17 -0.70710678
vn 0.0000000e+0 1.00000000 -3.0389064e-17
vn 0.70710678 -1.6468912e-16 -0.70710678
vn -2.5526814e-16 3.6568331e-32 -1.00000000
vn 0.0000000e+0 -1.00000000 -3.7986331e-17
vn 0.70710678 -1.6468912e-16 -0.70710678
vn 1.00000000 -2.8650917e-16 0.0000000e+0
vn 0.0000000e+0 -1.00000000 -3.7986331e-17
vn 0.70710678 -1.2351684e-16 0.70710678
vn 1.00000000 -2.8650917e-16 0.0000000e+0
vn 0.0000000e+0 -1.00000000 -3.7986331e-17
vn 0.0000000e+0 0.0000000e+0 1.00000000
vn 0.70710678 -1.2351684e-16 0.70710678
vn 0.0000000e+0 -1.00000000 -3.7986331e-17
vn -0.70710678 1.2351684e-16 0.70710678
vn 0.0000000e+0 0.0000000e+0 1.00000000
vn 0.0000000e+0 -1.00000000 -3.7986331e-17
vn -1.00000000 1.4325458e-16 3.8290221e-16
vn -0.70710678 1.2351684e-16 0.70710678
vn 0.0000000e+0 -1.00000000 -3.7986331e-17
vn -0.70710678 8.2344562e-17 -0.70710678
vn -1.00000000 1.4325458e-16 3.8290221e-16
vn 0.0000000e+0 -1.00000000 -3.7986331e-17
vn -2.5526814e-16 3.6568331e-32 -1.00000000
vn -0.70710678 8.2344562e-17 -0.70710678
vn 0.0000000e+0 -1.00000000 -3.7986331e-17
vn 0.70710678 -1.6468912e-16 -0.70710678
vn -2.5526814e-16 3.6568331e-32 -1.00000000
g Acamar_Lab_2_Collider1_default
usemtl default
s 1
f 1//2 9//26 16//47 8//23
f 4//12 12//36 11//32 3//8
f 6//18 14//42 13//38 5//14
s 2
f 2//6 10//30 9//27 1//3
f 5//15 13//39 12//35 4//11
f 7//21 15//45 14//41 6//17
s 3
f 1//1 8//22 7//19 6//16 5//13 4//10 3//7 2//4
f 10//28 11//31 12//34 13//37 14//40 15//43 16//46 9//25
s 4
f 3//9 11//33 10//29 2//5
f 8//24 16//48 15//44 7//20
o Acamar_Lab_2_Collider2
#32 vertices, 18 faces
v 1.25000000 -0.32500000 -0.24864046
v 1.25000000 -0.32500000 0.24864046
v 1.05969883 -0.32500000 0.70806812
v 0.70806812 -0.32500000 1.05969883
v 0.24864046 -0.32500000 1.25000000
v -0.24864046 -0.32500000 1.25000000
v -0.70806812 -0.32500000 1.05969883
v -1.05969883 -0.32500000 0.70806812
v -1.25000000 -0.32500000 0.24864046
v -1.25000000 -0.32500000 -0.24864046
v -1.05969883 -0.32500000 -0.70806812
v -0.70806812 -0.32500000 -1.05969883
v -0.24864046 -0.32500000 -1.25000000
v 0.24864046 -0.32500000 -1.25000000
v 0.70806812 -0.32500000 -1.05969883
v 1.05969883 -0.32500000 -0.70806812
v 1.25000000 -0.45000000 -0.24864046
v 1.25000000 -0.45000000 0.24864046
v 1.05969883 -0.45000000 0.70806812
v 0.70806812 -0.45000000 1.05969883
v 0.24864046 -0.45000000 1.25000000
v -0.24864046 -0.45000000 1.25000000
v -0.70806812 -0.45000000 1.05969883
v -1.05969883 -0.45000000 0.70806812
v -1.25000000 -0.45000000 0.24864046
v -1.25000000 -0.45000000 -0.24864046
v -1.05969883 -0.45000000 -0.70806812
v -0.70806812 -0.45000000 -1.05969883
v -0.24864046 -0.45000000 -1.25000000
v 0.24864046 -0.45000000 -1.25000000
v 0.70806812 -0.45000000 -1.05969883
v 1.05969883 -0.45000000 -0.70806812
vn 0.0000000e+0 1.00000000 1.2558303e-17
vn 0.92387953 0.0000000e+0 -0.38268343
vn 1.00000000 0.0000000e+0 0.0000000e+0
vn 0.0000000e+0 1.00000000 1.2558303e-17
vn 0.92387953 0.0000000e+0 0.38268343
vn 1.00000000 0.0000000e+0 0.0000000e+0
vn 0.0000000e+0 1.00000000 1.2558303e-17
vn 0.70710678 0.0000000e+0 0.70710678
vn 0.92387953 0.0000000e+0 0.38268343
vn 0.0000000e+0 1.00000000 1.2558303e-17
vn 0.38268343 0.0000000e+0 0.92387953
vn 0.70710678 0.0000000e+0 0.70710678
vn 0.0000000e+0 1.00000000 1.2558303e-17
vn 0.0000000e+0 0.0000000e+0 1.00000000
vn 0.38268343 0.0000000e+0 0.92387953
vn 0.0000000e+0 1.00000000 1.2558303e-17
vn -0.38268343 0.0000000e+0 0.92387953
vn 0.0000000e+0 0.0000000e+0 1.00000000
vn 0.0000000e+0 1.00000000 1.2558303e-17
vn -0.70710678 0.0000000e+0 0.70710678
vn -0.38268343 0.0000000e+0 0.92387953
vn 0.0000000e+0 1.00000000 1.2558303e-17
vn -0.92387953 0.0000000e+0 0.38268343
vn -0.70710678 0.0000000e+0 0.70710678
vn 0.0000000e+0 1.00000000 1.2558303e-17
vn -1.00000000 0.0000000e+0 0.0000000e+0
vn -0.92387953 0.0000000e+0 0.38268343
vn 0.0000000e+0 1.00000000 1.2558303e-17
vn -0.92387953 0.0000000e+0 -0.38268343
vn -1.00000000 0.0000000e+0 0.0000000e+0
vn 0.0000000e+0 1.00000000 1.2558303e-17
vn -0.70710678 0.0000000e+0 -0.70710678
vn -0.92387953 0.0000000e+0 -0.38268343
vn 0.0000000e+0 1.00000000 1.2558303e-17
vn -0.38268343 0.0000000e+0 -0.92387953
vn -0.70710678 0.0000000e+0 -0.70710678
vn 0.0000000e+0 1.00000000 1.2558303e-17
vn 0.0000000e+0 0.0000000e+0 -1.00000000
vn -0.38268343 0.0000000e+0 -0.92387953
vn 0.0000000e+0 1.00000000 1.2558303e-17
vn 0.38268343 0.0000000e+0 -0.92387953
vn 0.0000000e+0 0.0000000e+0 -1.00000000
vn 0.0000000e+0 1.00000000 1.2558303e-17
vn 0.70710678 0.0000000e+0 -0.70710678
vn 0.38268343 0.0000000e+0 -0.92387953
vn 0.0000000e+0 1.00000000 1.2558303e-17
vn 0.92387953 0.0000000e+0 -0.38268343
vn 0.70710678 0.0000000e+0 -0.70710678
vn 0.0000000e+0 -1.00000000 5.5814681e-18
vn 0.92387953 0.0000000e+0 -0.38268343
vn 1.00000000 0.0000000e+0 0.0000000e+0
vn 0.0000000e+0 -1.00000000 5.5814681e-18
vn 0.92387953 0.0000000e+0 0.38268343
vn 1.00000000 0.0000000e+0 0.0000000e+0
vn 0.0000000e+0 -1.00000000 5.5814681e-18
vn 0.70710678 0.0000000e+0 0.70710678
vn 0.92387953 0.0000000e+0 0.38268343
vn 0.0000000e+0 -1.00000000 5.5814681e-18
vn 0.38268343 0.0000000e+0 0.92387953
vn 0.70710678 0.0000000e+0 0.70710678
vn 0.0000000e+0 -1.00000000 5.5814681e-18
vn 0.0000000e+0 0.0000000e+0 1.00000000
vn 0.38268343 0.0000000e+0 0.92387953
vn 0.0000000e+0 -1.00000000 5.5814681e-18
vn -0.38268343 0.0000000e+0 0.92387953
vn 0.0000000e+0 0.0000000e+0 1.00000000
vn 0.0000000e+0 -1.00000000 5.5814681e-18
vn -0.70710678 0.0000000e+0 0.70710678
vn -0.38268343 0.0000000e+0 0.92387953
vn 0.0000000e+0 -1.00000000 5.5814681e-18
vn -0.92387953 0.0000000e+0 0.38268343
vn -0.70710678 0.0000000e+0 0.70710678
vn 0.0000000e+0 -1.00000000 5.5814681e-18
vn -1.00000000 0.0000000e+0 0.0000000e+0
vn -0.92387953 0.0000000e+0 0.38268343
vn 0.0000000e+0 -1.00000000 5.5814681e-18
vn -0.92387953 0.0000000e+0 -0.38268343
vn -1.00000000 0.0000000e+0 0.0000000e+0
vn 0.0000000e+0 -1.00000000 5.5814681e-18
vn -0.70710678 0.0000000e+0 -0.70710678
vn -0.92387953 0.0000000e+0 -0.38268343
vn 0.0000000e+0 -1.00000000 5.5814681e-18
vn -0.38268343 0.0000000e+0 -0.92387953
vn -0.70710678 0.0000000e+0 -0.70710678
vn 0.0000000e+0 -1.00000000 5.5814681e-18
vn 0.0000000e+0 0.0000000e+0 -1.00000000
vn -0.38268343 0.0000000e+0 -0.92387953
vn 0.0000000e+0 -1.00000000 5.5814681e-18
vn 0.38268343 0.0000000e+0 -0.92387953
vn 0.0000000e+0 0.0000000e+0 -1.00000000
vn 0.0000000e+0 -1.00000000 5.5814681e-18
vn 0.70710678 0.0000000e+0 -0.70710678
vn 0.38268343 0.0000000e+0 -0.92387953
vn 0.0000000e+0 -1.00000000 5.5814681e-18
vn 0.92387953 0.0000000e+0 -0.38268343
vn 0.70710678 0.0000000e+0 -0.70710678
g Acamar_Lab_2_Collider2_default
usemtl default
s 1
f 17//50 33//98 48//143 32//95
f 19//57 35//105 34//101 18//53
f 21//63 37//111 36//107 20//59
f 23//69 39//117 38//113 22//65
f 25//75 41//123 40//119 24//71
f 28//84 44//132 43//128 27//80
f 30//90 46//138 45//134 29//86
s 2
f 18//54 34//102 33//99 17//51
f 20//60 36//108 35//104 19//56
f 22//66 38//114 37//110 21//62
f 24//72 40//120 39//116 23//68
f 26//78 42//126 41//122 25//74
f 29//87 45//135 44//131 28//83
f 31//93 47//141 46//137 30//89
s 3
f 17//49 32//94 31//91 30//88 29//85 28//82 27//79 26//76 25//73 24//70 23//67 22//64 21//61 20//58 19//55 18//52
f 34//100 35//103 36//106 37//109 38//112 39//115 40//118 41//121 42//124 43//127 44//130 45//133 46//136 47//139 48//142 33//97
s 4
f 27//81 43//129 42//125 26//77
f 32//96 48//144 47//140 31//92
