# Exported from Wings 3D 1.5.4
mtllib ./short 1 interior.mtl
o i2
#109 vertices, 100 faces
v -0.50000000 -0.61250000 -0.25000000
v -0.25000000 -0.61250000 -0.50000000
v -0.25000000 -0.61250000 0.50000000
v -0.50000000 -0.61250000 0.25000000
v -0.50000000 0.61250000 -0.25000000
v -0.25000000 0.61250000 -0.50000000
v -0.25000000 0.61250000 0.50000000
v -0.50000000 0.61250000 0.25000000
v 0.25000000 -0.61250000 -0.50000000
v 0.50000000 -0.61250000 -0.25000000
v 0.50000000 -0.61250000 0.25000000
v 0.25000000 -0.61250000 0.50000000
v 0.25000000 0.61250000 -0.50000000
v 0.50000000 0.61250000 -0.25000000
v 0.50000000 0.61250000 0.25000000
v 0.25000000 0.61250000 0.50000000
v 0.25000000 -0.50000000 -0.50000000
v 0.25000000 0.50000000 -0.50000000
v -0.50000000 0.50000000 -0.25000000
v -0.50000000 -0.50000000 -0.25000000
v 0.50000000 -0.50000000 -0.25000000
v 0.50000000 0.50000000 -0.25000000
v 0.50000000 -0.50000000 0.25000000
v 0.50000000 0.50000000 0.25000000
v -0.25000000 0.50000000 -0.50000000
v -0.25000000 -0.50000000 -0.50000000
v -0.25000000 0.50000000 0.50000000
v -0.25000000 -0.50000000 0.50000000
v -0.50000000 0.50000000 0.25000000
v -0.50000000 -0.50000000 0.25000000
v 0.25000000 -0.50000000 0.50000000
v 0.25000000 0.50000000 0.50000000
v 0.25000000 0.0000000e+0 0.50000000
v -0.50000000 0.0000000e+0 0.25000000
v -0.25000000 0.0000000e+0 0.50000000
v -0.25000000 0.0000000e+0 -0.50000000
v 0.50000000 0.0000000e+0 0.25000000
v 0.50000000 0.0000000e+0 -0.25000000
v -0.50000000 0.0000000e+0 -0.25000000
v 0.25000000 0.0000000e+0 -0.50000000
v 0.0000000e+0 0.50000000 -0.50000000
v 0.0000000e+0 0.0000000e+0 -0.50000000
v 0.0000000e+0 -0.50000000 -0.50000000
v 0.0000000e+0 0.61250000 -6.9388939e-18
v 0.0000000e+0 -0.61250000 6.9388939e-18
v -0.28535534 -0.45000000 0.46464466
v -0.46464466 -0.45000000 0.28535534
v -0.28535534 -5.0000000e-2 0.46464466
v -0.46464466 -5.0000000e-2 0.28535534
v -0.26767767 -0.45000000 0.44696699
v -0.44696699 -0.45000000 0.26767767
v -0.26767767 -5.0000000e-2 0.44696699
v -0.44696699 -5.0000000e-2 0.26767767
v -0.28535534 5.0000000e-2 -0.46464466
v -0.46464466 5.0000000e-2 -0.28535534
v -0.28535534 0.45000000 -0.46464466
v -0.46464466 0.45000000 -0.28535534
v -0.26767767 5.0000000e-2 -0.44696699
v -0.44696699 5.0000000e-2 -0.26767767
v -0.26767767 0.45000000 -0.44696699
v -0.44696699 0.45000000 -0.26767767
v -0.28535534 -0.45000000 -0.46464466
v -0.46464466 -0.45000000 -0.28535534
v -0.28535534 -5.0000000e-2 -0.46464466
v -0.46464466 -5.0000000e-2 -0.28535534
v -0.26767767 -0.45000000 -0.44696699
v -0.44696699 -0.45000000 -0.26767767
v -0.26767767 -5.0000000e-2 -0.44696699
v -0.44696699 -5.0000000e-2 -0.26767767
v 0.28535534 5.0000000e-2 -0.46464466
v 0.46464466 5.0000000e-2 -0.28535534
v 0.28535534 0.45000000 -0.46464466
v 0.46464466 0.45000000 -0.28535534
v 0.26767767 5.0000000e-2 -0.44696699
v 0.44696699 5.0000000e-2 -0.26767767
v 0.26767767 0.45000000 -0.44696699
v 0.44696699 0.45000000 -0.26767767
v 0.28535534 -0.45000000 -0.46464466
v 0.46464466 -0.45000000 -0.28535534
v 0.28535534 -5.0000000e-2 -0.46464466
v 0.46464466 -5.0000000e-2 -0.28535534
v 0.26767767 -0.45000000 -0.44696699
v 0.44696699 -0.45000000 -0.26767767
v 0.26767767 -5.0000000e-2 -0.44696699
v 0.44696699 -5.0000000e-2 -0.26767767
v -0.28535534 5.0000000e-2 0.46464466
v -0.46464466 5.0000000e-2 0.28535534
v -0.28535534 0.45000000 0.46464466
v -0.46464466 0.45000000 0.28535534
v -0.26767767 5.0000000e-2 0.44696699
v -0.44696699 5.0000000e-2 0.26767767
v -0.26767767 0.45000000 0.44696699
v -0.44696699 0.45000000 0.26767767
v 0.28535534 5.0000000e-2 0.46464466
v 0.46464466 5.0000000e-2 0.28535534
v 0.28535534 0.45000000 0.46464466
v 0.46464466 0.45000000 0.28535534
v 0.26767767 5.0000000e-2 0.44696699
v 0.44696699 5.0000000e-2 0.26767767
v 0.26767767 0.45000000 0.44696699
v 0.44696699 0.45000000 0.26767767
v 0.28535534 -0.45000000 0.46464466
v 0.46464466 -0.45000000 0.28535534
v 0.28535534 -5.0000000e-2 0.46464466
v 0.46464466 -5.0000000e-2 0.28535534
v 0.26767767 -0.45000000 0.44696699
v 0.44696699 -0.45000000 0.26767767
v 0.26767767 -5.0000000e-2 0.44696699
v 0.44696699 -5.0000000e-2 0.26767767
vt 0.26666657 0.24901429
vt 0.26666657 0.29207408
vt 0.26666657 0.24901429
vt 0.26666657 0.29207408
vt 0.26666657 0.29207408
vt 0.26666657 0.24901429
vt 0.26666657 0.24901429
vt 0.26666657 0.24901429
vt 0.26666657 0.29207408
vt 0.26666657 0.29207408
vt 0.26666657 0.29207408
vt 0.26669575 0.33292720
vt 0.26669575 0.33292720
vt 0.26669575 0.52784459
vt 0.26669575 0.72357123
vt 0.26669575 0.33292720
vt 0.26669575 0.52784459
vt 0.26669575 0.72357123
vt 0.26669575 0.52784459
vt 0.26669575 0.72357123
vt 0.26840920 0.11179183
vt 0.26840920 0.11179183
vt 0.26840920 0.11179183
vt 0.26840920 0.11179183
vt 0.26840920 0.11179183
vt 0.26840920 0.11179183
vt 0.26840920 0.11179183
vt 0.36481213 0.29207408
vt 0.36481213 0.29207408
vt 0.36509233 0.20795620
vt 0.36509233 0.20795620
vt 0.36509233 0.20795620
vt 0.36509233 0.20795620
vt 0.36509233 0.20795620
vt 0.36509233 0.20795620
vt 0.36509233 0.20795620
vt 0.36509233 0.20795620
vt 0.40542425 0.33292720
vt 0.40542425 0.52784459
vt 0.40542425 0.33292720
vt 0.40542425 0.33292720
vt 0.40542425 0.52784459
vt 0.40542425 0.52784459
vt 0.40542425 0.72357123
vt 0.40542425 0.33292720
vt 0.40542425 0.52784459
vt 0.40542425 0.72357123
vt 0.42694080 0.33252222
vt 0.42694080 0.52802222
vt 0.42694080 0.72352222
vt 0.42701647 0.33292720
vt 0.42701647 0.52784459
vt 0.42701647 0.52784459
vt 0.42701647 0.72357123
vt 0.42701647 0.72357123
vt 0.42701647 0.33292720
vt 0.42701647 0.52784459
vt 0.46199640 0.24901429
vt 0.46199640 0.24901429
vt 0.46199640 0.29207408
vt 0.46199640 0.29207408
vt 0.46199640 0.24901429
vt 0.46199640 0.24901429
vt 0.46199640 0.29207408
vt 0.46199640 0.29207408
vt 0.46199640 0.29207408
vt 0.46199640 0.24901429
vt 0.46199640 0.29207408
vt 0.46271488 1.3208983e-2
vt 0.46271488 1.3208983e-2
vt 0.46271488 1.3208983e-2
vt 0.46271488 1.3208983e-2
vt 0.46271488 1.3208983e-2
vt 0.46271488 1.3208983e-2
vt 0.46271488 1.3208983e-2
vt 0.46271488 1.3208983e-2
vt 0.48324408 0.24901429
vt 0.48324408 0.29207408
vt 0.48324408 0.24901429
vt 0.48324408 0.29207408
vt 0.48324408 0.29207408
vt 0.48324408 0.24901429
vt 0.48324408 0.24901429
vt 0.48324408 0.24901429
vt 0.48324408 0.24901429
vt 0.48324408 0.29207408
vt 0.48324408 0.29207408
vt 0.48324408 0.29207408
vt 0.48324408 0.29207408
vt 0.48324408 0.29207408
vt 0.52469080 0.33252222
vt 0.52469080 0.52802222
vt 0.52469080 0.72352222
vt 0.56033743 0.20795620
vt 0.56033743 0.20795620
vt 0.56033743 0.20795620
vt 0.56033743 0.20795620
vt 0.60232219 4.1898667e-2
vt 0.60232219 4.1898667e-2
vt 0.60232219 0.19648376
vt 0.60232219 0.19648376
vt 0.61205076 3.2170091e-2
vt 0.61205076 4.1898667e-2
vt 0.61205076 0.19648376
vt 0.61205076 3.2170091e-2
vt 0.61205076 4.1898667e-2
vt 0.61205076 0.19648376
vt 0.61205076 0.20621233
vt 0.61205076 0.20621233
vt 0.61986866 0.24901429
vt 0.61986866 0.24901429
vt 0.61986866 0.24901429
vt 0.61986866 0.29207408
vt 0.61986866 0.29207408
vt 0.61986866 0.29207408
vt 0.61986866 0.29207408
vt 0.61986866 0.24901429
vt 0.61986866 0.29207408
vt 0.61986866 0.29207408
vt 0.61986866 0.24901429
vt 0.61986866 0.29207408
vt 0.62198437 0.52802222
vt 0.62198437 0.72352222
vt 0.62198938 0.52784459
vt 0.62198938 0.72357123
vt 0.62198938 0.33292720
vt 0.62198938 0.52784459
vt 0.62198938 0.72357123
vt 0.62198938 0.33292720
vt 0.62198938 0.52784459
vt 0.62244080 0.33252222
vt 0.71202324 3.2170091e-2
vt 0.71202324 4.1898667e-2
vt 0.71202324 0.19648376
vt 0.71202324 3.2170091e-2
vt 0.71202324 4.1898667e-2
vt 0.71202324 0.19648376
vt 0.71202324 0.20621233
vt 0.71202324 0.20621233
vt 0.72175181 4.1898667e-2
vt 0.72175181 4.1898667e-2
vt 0.72175181 0.19648376
vt 0.72175181 0.19648376
vt 1.00000000 0.0000000e+0
vn 3.0814879e-33 -1.00000000 0.0000000e+0
vn 3.0814879e-33 1.00000000 0.0000000e+0
vn 1.00000000 0.0000000e+0 0.0000000e+0
vn 0.70710678 0.0000000e+0 0.70710678
vn -1.8503717e-16 1.00000000 0.0000000e+0
vn -1.8503717e-16 1.00000000 0.0000000e+0
vn 0.70710678 0.0000000e+0 0.70710678
vn -7.4014868e-17 1.00000000 0.0000000e+0
vn -7.4014868e-17 1.00000000 0.0000000e+0
vn 0.0000000e+0 0.0000000e+0 1.00000000
vn 0.0000000e+0 0.0000000e+0 1.00000000
vn 0.0000000e+0 0.0000000e+0 -1.00000000
vn 0.70710678 0.0000000e+0 -0.70710678
vn -7.4014868e-17 1.00000000 0.0000000e+0
vn -7.4014868e-17 1.00000000 0.0000000e+0
vn 1.00000000 0.0000000e+0 0.0000000e+0
vn 0.70710678 0.0000000e+0 -0.70710678
vn -1.8503717e-16 1.00000000 0.0000000e+0
vn -1.8503717e-16 1.00000000 0.0000000e+0
vn 1.00000000 0.0000000e+0 0.0000000e+0
vn 0.70710678 0.0000000e+0 0.70710678
vn -1.8503717e-16 -1.00000000 0.0000000e+0
vn -1.8503717e-16 -1.00000000 0.0000000e+0
vn 0.0000000e+0 0.0000000e+0 1.00000000
vn 0.70710678 0.0000000e+0 0.70710678
vn -7.4014868e-17 -1.00000000 0.0000000e+0
vn -7.4014868e-17 -1.00000000 0.0000000e+0
vn 0.0000000e+0 0.0000000e+0 1.00000000
vn 0.0000000e+0 0.0000000e+0 -1.00000000
vn 0.70710678 0.0000000e+0 -0.70710678
vn -7.4014868e-17 -1.00000000 0.0000000e+0
vn -7.4014868e-17 -1.00000000 0.0000000e+0
vn 1.00000000 0.0000000e+0 0.0000000e+0
vn 0.70710678 0.0000000e+0 -0.70710678
vn -1.8503717e-16 -1.00000000 0.0000000e+0
vn -1.8503717e-16 -1.00000000 0.0000000e+0
vn -0.70710678 0.0000000e+0 0.70710678
vn 0.0000000e+0 0.0000000e+0 1.00000000
vn 7.4014868e-17 1.00000000 0.0000000e+0
vn 7.4014868e-17 1.00000000 0.0000000e+0
vn 0.0000000e+0 0.0000000e+0 1.00000000
vn -1.00000000 0.0000000e+0 0.0000000e+0
vn -0.70710678 0.0000000e+0 0.70710678
vn 1.8503717e-16 1.00000000 0.0000000e+0
vn 1.8503717e-16 1.00000000 0.0000000e+0
vn -1.00000000 0.0000000e+0 0.0000000e+0
vn -0.70710678 0.0000000e+0 -0.70710678
vn 1.8503717e-16 1.00000000 0.0000000e+0
vn 1.8503717e-16 1.00000000 0.0000000e+0
vn -0.70710678 0.0000000e+0 -0.70710678
vn 0.0000000e+0 0.0000000e+0 -1.00000000
vn 7.4014868e-17 1.00000000 0.0000000e+0
vn 7.4014868e-17 1.00000000 0.0000000e+0
vn -0.70710678 0.0000000e+0 0.70710678
vn 7.4014868e-17 -1.00000000 0.0000000e+0
vn 7.4014868e-17 -1.00000000 0.0000000e+0
vn 0.0000000e+0 0.0000000e+0 1.00000000
vn 0.0000000e+0 0.0000000e+0 1.00000000
vn -1.00000000 0.0000000e+0 0.0000000e+0
vn -0.70710678 0.0000000e+0 0.70710678
vn 1.8503717e-16 -1.00000000 0.0000000e+0
vn 1.8503717e-16 -1.00000000 0.0000000e+0
vn -1.00000000 0.0000000e+0 0.0000000e+0
vn -0.70710678 0.0000000e+0 -0.70710678
vn 1.8503717e-16 -1.00000000 0.0000000e+0
vn 1.8503717e-16 -1.00000000 0.0000000e+0
vn 0.0000000e+0 0.0000000e+0 -1.00000000
vn -0.70710678 0.0000000e+0 -0.70710678
vn 7.4014868e-17 -1.00000000 0.0000000e+0
vn 7.4014868e-17 -1.00000000 0.0000000e+0
vn -0.70710678 0.0000000e+0 0.70710678
vn 0.0000000e+0 0.0000000e+0 1.00000000
vn -0.70710678 0.0000000e+0 0.70710678
vn 0.0000000e+0 0.0000000e+0 1.00000000
vn -0.70710678 0.0000000e+0 0.70710678
vn -0.70710678 0.0000000e+0 0.70710678
vn 0.0000000e+0 0.0000000e+0 1.00000000
vn 0.0000000e+0 0.0000000e+0 1.00000000
vn 1.00000000 0.0000000e+0 0.0000000e+0
vn 0.70710678 0.0000000e+0 0.70710678
vn 1.00000000 0.0000000e+0 0.0000000e+0
vn 0.70710678 0.0000000e+0 0.70710678
vn 1.00000000 0.0000000e+0 0.0000000e+0
vn 0.70710678 0.0000000e+0 0.70710678
vn 1.00000000 0.0000000e+0 0.0000000e+0
vn 0.70710678 0.0000000e+0 0.70710678
vn -1.00000000 0.0000000e+0 0.0000000e+0
vn -0.70710678 0.0000000e+0 0.70710678
vn -0.70710678 0.0000000e+0 0.70710678
vn -1.00000000 0.0000000e+0 0.0000000e+0
vn -1.00000000 0.0000000e+0 0.0000000e+0
vn -0.70710678 0.0000000e+0 0.70710678
vn -0.70710678 0.0000000e+0 0.70710678
vn -1.00000000 0.0000000e+0 0.0000000e+0
vn -1.00000000 0.0000000e+0 0.0000000e+0
vn -0.70710678 0.0000000e+0 -0.70710678
vn -0.70710678 0.0000000e+0 -0.70710678
vn -1.00000000 0.0000000e+0 0.0000000e+0
vn -1.00000000 0.0000000e+0 0.0000000e+0
vn -0.70710678 0.0000000e+0 -0.70710678
vn -0.70710678 0.0000000e+0 -0.70710678
vn -1.00000000 0.0000000e+0 0.0000000e+0
vn 0.0000000e+0 0.0000000e+0 1.00000000
vn 0.70710678 0.0000000e+0 0.70710678
vn 0.70710678 0.0000000e+0 0.70710678
vn 0.0000000e+0 0.0000000e+0 1.00000000
vn 0.70710678 0.0000000e+0 0.70710678
vn 0.70710678 0.0000000e+0 0.70710678
vn 0.0000000e+0 0.0000000e+0 1.00000000
vn 0.0000000e+0 0.0000000e+0 1.00000000
vn 0.0000000e+0 0.0000000e+0 -1.00000000
vn 0.70710678 0.0000000e+0 -0.70710678
vn 0.0000000e+0 0.0000000e+0 -1.00000000
vn 0.70710678 0.0000000e+0 -0.70710678
vn 0.0000000e+0 0.0000000e+0 -1.00000000
vn 0.70710678 0.0000000e+0 -0.70710678
vn 0.0000000e+0 0.0000000e+0 -1.00000000
vn 0.70710678 0.0000000e+0 -0.70710678
vn 1.00000000 0.0000000e+0 0.0000000e+0
vn 0.70710678 0.0000000e+0 -0.70710678
vn 1.00000000 0.0000000e+0 0.0000000e+0
vn 0.70710678 0.0000000e+0 -0.70710678
vn 1.00000000 0.0000000e+0 0.0000000e+0
vn 0.70710678 0.0000000e+0 -0.70710678
vn 1.00000000 0.0000000e+0 0.0000000e+0
vn 0.70710678 0.0000000e+0 -0.70710678
vn -0.70710678 0.0000000e+0 -0.70710678
vn 0.0000000e+0 0.0000000e+0 -1.00000000
vn 0.0000000e+0 0.0000000e+0 -1.00000000
vn -0.70710678 0.0000000e+0 -0.70710678
vn 0.0000000e+0 0.0000000e+0 -1.00000000
vn -0.70710678 0.0000000e+0 -0.70710678
vn -0.70710678 0.0000000e+0 -0.70710678
vn 0.0000000e+0 0.0000000e+0 -1.00000000
vn -0.70710678 0.0000000e+0 -0.70710678
vn 0.0000000e+0 0.0000000e+0 -1.00000000
vn -0.70710678 0.0000000e+0 -0.70710678
vn 0.0000000e+0 0.0000000e+0 -1.00000000
vn 1.00000000 0.0000000e+0 0.0000000e+0
vn 0.70710678 0.0000000e+0 -0.70710678
vn 1.00000000 0.0000000e+0 0.0000000e+0
vn 0.70710678 0.0000000e+0 -0.70710678
vn 0.0000000e+0 0.0000000e+0 -1.00000000
vn 0.70710678 0.0000000e+0 -0.70710678
vn 0.0000000e+0 0.0000000e+0 -1.00000000
vn 0.70710678 0.0000000e+0 -0.70710678
vn 0.70710678 0.0000000e+0 0.70710678
vn 0.70710678 0.0000000e+0 0.70710678
vn 0.0000000e+0 0.0000000e+0 1.00000000
vn 0.0000000e+0 0.0000000e+0 1.00000000
vn -0.70710678 0.0000000e+0 -0.70710678
vn -1.00000000 0.0000000e+0 0.0000000e+0
vn -0.70710678 0.0000000e+0 -0.70710678
vn -1.00000000 0.0000000e+0 0.0000000e+0
vn -0.70710678 0.0000000e+0 0.70710678
vn -1.00000000 0.0000000e+0 0.0000000e+0
vn -0.70710678 0.0000000e+0 0.70710678
vn -1.00000000 0.0000000e+0 0.0000000e+0
vn 1.00000000 0.0000000e+0 0.0000000e+0
vn 0.70710678 0.0000000e+0 0.70710678
vn 1.00000000 0.0000000e+0 0.0000000e+0
vn 0.70710678 0.0000000e+0 0.70710678
vn -0.70710678 0.0000000e+0 0.70710678
vn -0.70710678 0.0000000e+0 0.70710678
vn 0.0000000e+0 0.0000000e+0 1.00000000
vn 0.0000000e+0 0.0000000e+0 1.00000000
vn 0.0000000e+0 0.0000000e+0 1.00000000
vn 0.0000000e+0 0.0000000e+0 1.00000000
vn 0.0000000e+0 0.0000000e+0 1.00000000
vn 0.0000000e+0 0.0000000e+0 1.00000000
vn 0.0000000e+0 0.0000000e+0 1.00000000
vn 0.0000000e+0 0.0000000e+0 1.00000000
vn 0.0000000e+0 0.0000000e+0 1.00000000
vn 0.0000000e+0 0.0000000e+0 1.00000000
vn 0.0000000e+0 0.0000000e+0 1.00000000
vn 0.0000000e+0 0.0000000e+0 1.00000000
vn 0.0000000e+0 -1.00000000 0.0000000e+0
vn 0.70710678 0.0000000e+0 0.70710678
vn -0.70710678 0.0000000e+0 0.70710678
vn 0.0000000e+0 -1.00000000 0.0000000e+0
vn -0.70710678 0.0000000e+0 -0.70710678
vn -0.70710678 0.0000000e+0 0.70710678
vn 0.0000000e+0 1.00000000 0.0000000e+0
vn 0.70710678 0.0000000e+0 0.70710678
vn -0.70710678 0.0000000e+0 0.70710678
vn 0.0000000e+0 1.00000000 0.0000000e+0
vn -0.70710678 0.0000000e+0 -0.70710678
vn -0.70710678 0.0000000e+0 0.70710678
vn 0.0000000e+0 -1.00000000 0.0000000e+0
vn 0.70710678 0.0000000e+0 0.70710678
vn 0.70710678 0.0000000e+0 -0.70710678
vn 0.0000000e+0 -1.00000000 0.0000000e+0
vn -0.70710678 0.0000000e+0 -0.70710678
vn 0.70710678 0.0000000e+0 -0.70710678
vn 0.0000000e+0 1.00000000 0.0000000e+0
vn 0.70710678 0.0000000e+0 0.70710678
vn 0.70710678 0.0000000e+0 -0.70710678
vn 0.0000000e+0 1.00000000 0.0000000e+0
vn -0.70710678 0.0000000e+0 -0.70710678
vn 0.70710678 0.0000000e+0 -0.70710678
vn 0.0000000e+0 -1.00000000 0.0000000e+0
vn 0.70710678 0.0000000e+0 -0.70710678
vn -0.70710678 0.0000000e+0 -0.70710678
vn 0.0000000e+0 -1.00000000 0.0000000e+0
vn -0.70710678 0.0000000e+0 0.70710678
vn -0.70710678 0.0000000e+0 -0.70710678
vn 0.0000000e+0 1.00000000 0.0000000e+0
vn 0.70710678 0.0000000e+0 -0.70710678
vn -0.70710678 0.0000000e+0 -0.70710678
vn 0.0000000e+0 1.00000000 0.0000000e+0
vn -0.70710678 0.0000000e+0 0.70710678
vn -0.70710678 0.0000000e+0 -0.70710678
vn 0.0000000e+0 -1.00000000 0.0000000e+0
vn 0.70710678 0.0000000e+0 -0.70710678
vn 0.70710678 0.0000000e+0 0.70710678
vn 0.0000000e+0 -1.00000000 0.0000000e+0
vn -0.70710678 0.0000000e+0 0.70710678
vn 0.70710678 0.0000000e+0 0.70710678
vn 0.0000000e+0 1.00000000 0.0000000e+0
vn 0.70710678 0.0000000e+0 -0.70710678
vn 0.70710678 0.0000000e+0 0.70710678
vn 0.0000000e+0 1.00000000 0.0000000e+0
vn -0.70710678 0.0000000e+0 0.70710678
vn 0.70710678 0.0000000e+0 0.70710678
vn 0.0000000e+0 -1.00000000 0.0000000e+0
vn 0.70710678 0.0000000e+0 -0.70710678
vn -0.70710678 0.0000000e+0 -0.70710678
vn 0.0000000e+0 -1.00000000 0.0000000e+0
vn -0.70710678 0.0000000e+0 0.70710678
vn -0.70710678 0.0000000e+0 -0.70710678
vn 0.0000000e+0 1.00000000 0.0000000e+0
vn 0.70710678 0.0000000e+0 -0.70710678
vn -0.70710678 0.0000000e+0 -0.70710678
vn 0.0000000e+0 1.00000000 0.0000000e+0
vn -0.70710678 0.0000000e+0 0.70710678
vn -0.70710678 0.0000000e+0 -0.70710678
vn 0.0000000e+0 -1.00000000 0.0000000e+0
vn 0.70710678 0.0000000e+0 -0.70710678
vn 0.70710678 0.0000000e+0 0.70710678
vn 0.0000000e+0 -1.00000000 0.0000000e+0
vn -0.70710678 0.0000000e+0 0.70710678
vn 0.70710678 0.0000000e+0 0.70710678
vn 0.0000000e+0 1.00000000 0.0000000e+0
vn 0.70710678 0.0000000e+0 -0.70710678
vn 0.70710678 0.0000000e+0 0.70710678
vn 0.0000000e+0 1.00000000 0.0000000e+0
vn -0.70710678 0.0000000e+0 0.70710678
vn 0.70710678 0.0000000e+0 0.70710678
vn 0.0000000e+0 -1.00000000 0.0000000e+0
vn -0.70710678 0.0000000e+0 -0.70710678
vn 0.70710678 0.0000000e+0 -0.70710678
vn 0.0000000e+0 -1.00000000 0.0000000e+0
vn 0.70710678 0.0000000e+0 0.70710678
vn 0.70710678 0.0000000e+0 -0.70710678
vn 0.0000000e+0 1.00000000 0.0000000e+0
vn -0.70710678 0.0000000e+0 -0.70710678
vn 0.70710678 0.0000000e+0 -0.70710678
vn 0.0000000e+0 1.00000000 0.0000000e+0
vn 0.70710678 0.0000000e+0 0.70710678
vn 0.70710678 0.0000000e+0 -0.70710678
vn 0.0000000e+0 -1.00000000 0.0000000e+0
vn -0.70710678 0.0000000e+0 -0.70710678
vn -0.70710678 0.0000000e+0 0.70710678
vn 0.0000000e+0 -1.00000000 0.0000000e+0
vn 0.70710678 0.0000000e+0 0.70710678
vn -0.70710678 0.0000000e+0 0.70710678
vn 0.0000000e+0 1.00000000 0.0000000e+0
vn -0.70710678 0.0000000e+0 -0.70710678
vn -0.70710678 0.0000000e+0 0.70710678
vn 0.0000000e+0 1.00000000 0.0000000e+0
vn 0.70710678 0.0000000e+0 0.70710678
vn -0.70710678 0.0000000e+0 0.70710678
vn 0.0000000e+0 -1.00000000 0.0000000e+0
vn -0.70710678 0.0000000e+0 -0.70710678
vn 0.70710678 0.0000000e+0 -0.70710678
vn 0.0000000e+0 -1.00000000 0.0000000e+0
vn 0.70710678 0.0000000e+0 0.70710678
vn 0.70710678 0.0000000e+0 -0.70710678
vn 0.0000000e+0 1.00000000 0.0000000e+0
vn -0.70710678 0.0000000e+0 -0.70710678
vn 0.70710678 0.0000000e+0 -0.70710678
vn 0.0000000e+0 1.00000000 0.0000000e+0
vn 0.70710678 0.0000000e+0 0.70710678
vn 0.70710678 0.0000000e+0 -0.70710678
vn 0.0000000e+0 -1.00000000 0.0000000e+0
vn -0.70710678 0.0000000e+0 -0.70710678
vn -0.70710678 0.0000000e+0 0.70710678
vn 0.0000000e+0 -1.00000000 0.0000000e+0
vn 0.70710678 0.0000000e+0 0.70710678
vn -0.70710678 0.0000000e+0 0.70710678
vn 0.0000000e+0 1.00000000 0.0000000e+0
vn -0.70710678 0.0000000e+0 -0.70710678
vn -0.70710678 0.0000000e+0 0.70710678
vn 0.0000000e+0 1.00000000 0.0000000e+0
vn 0.70710678 0.0000000e+0 0.70710678
vn -0.70710678 0.0000000e+0 0.70710678
vn 0.0000000e+0 -1.00000000 0.0000000e+0
vn 0.70710678 0.0000000e+0 0.70710678
vn -0.70710678 0.0000000e+0 0.70710678
vn 0.0000000e+0 -1.00000000 0.0000000e+0
vn -0.70710678 0.0000000e+0 -0.70710678
vn -0.70710678 0.0000000e+0 0.70710678
vn 0.0000000e+0 1.00000000 0.0000000e+0
vn 0.70710678 0.0000000e+0 0.70710678
vn -0.70710678 0.0000000e+0 0.70710678
vn 0.0000000e+0 1.00000000 0.0000000e+0
vn -0.70710678 0.0000000e+0 -0.70710678
vn -0.70710678 0.0000000e+0 0.70710678
vn 0.0000000e+0 -1.00000000 0.0000000e+0
vn 0.70710678 0.0000000e+0 0.70710678
vn 0.70710678 0.0000000e+0 -0.70710678
vn 0.0000000e+0 -1.00000000 0.0000000e+0
vn -0.70710678 0.0000000e+0 -0.70710678
vn 0.70710678 0.0000000e+0 -0.70710678
vn 0.0000000e+0 1.00000000 0.0000000e+0
vn 0.70710678 0.0000000e+0 0.70710678
vn 0.70710678 0.0000000e+0 -0.70710678
vn 0.0000000e+0 1.00000000 0.0000000e+0
vn -0.70710678 0.0000000e+0 -0.70710678
vn 0.70710678 0.0000000e+0 -0.70710678
vn 0.0000000e+0 -1.00000000 0.0000000e+0
vn -0.70710678 0.0000000e+0 0.70710678
vn 0.70710678 0.0000000e+0 0.70710678
vn 0.0000000e+0 -1.00000000 0.0000000e+0
vn 0.70710678 0.0000000e+0 -0.70710678
vn 0.70710678 0.0000000e+0 0.70710678
vn 0.0000000e+0 1.00000000 0.0000000e+0
vn -0.70710678 0.0000000e+0 0.70710678
vn 0.70710678 0.0000000e+0 0.70710678
vn 0.0000000e+0 1.00000000 0.0000000e+0
vn 0.70710678 0.0000000e+0 -0.70710678
vn 0.70710678 0.0000000e+0 0.70710678
vn 0.0000000e+0 -1.00000000 0.0000000e+0
vn -0.70710678 0.0000000e+0 0.70710678
vn -0.70710678 0.0000000e+0 -0.70710678
vn 0.0000000e+0 -1.00000000 0.0000000e+0
vn 0.70710678 0.0000000e+0 -0.70710678
vn -0.70710678 0.0000000e+0 -0.70710678
vn 0.0000000e+0 1.00000000 0.0000000e+0
vn -0.70710678 0.0000000e+0 0.70710678
vn -0.70710678 0.0000000e+0 -0.70710678
vn 0.0000000e+0 1.00000000 0.0000000e+0
vn 0.70710678 0.0000000e+0 -0.70710678
vn -0.70710678 0.0000000e+0 -0.70710678
vn 0.0000000e+0 -1.00000000 0.0000000e+0
vn -0.70710678 0.0000000e+0 0.70710678
vn 0.70710678 0.0000000e+0 0.70710678
vn 0.0000000e+0 -1.00000000 0.0000000e+0
vn 0.70710678 0.0000000e+0 -0.70710678
vn 0.70710678 0.0000000e+0 0.70710678
vn 0.0000000e+0 1.00000000 0.0000000e+0
vn -0.70710678 0.0000000e+0 0.70710678
vn 0.70710678 0.0000000e+0 0.70710678
vn 0.0000000e+0 1.00000000 0.0000000e+0
vn 0.70710678 0.0000000e+0 -0.70710678
vn 0.70710678 0.0000000e+0 0.70710678
vn 0.0000000e+0 -1.00000000 0.0000000e+0
vn -0.70710678 0.0000000e+0 0.70710678
vn -0.70710678 0.0000000e+0 -0.70710678
vn 0.0000000e+0 -1.00000000 0.0000000e+0
vn 0.70710678 0.0000000e+0 -0.70710678
vn -0.70710678 0.0000000e+0 -0.70710678
vn 0.0000000e+0 1.00000000 0.0000000e+0
vn -0.70710678 0.0000000e+0 0.70710678
vn -0.70710678 0.0000000e+0 -0.70710678
vn 0.0000000e+0 1.00000000 0.0000000e+0
vn 0.70710678 0.0000000e+0 -0.70710678
vn -0.70710678 0.0000000e+0 -0.70710678
g i2_i2_auv
usemtl i2_auv
s 1
f 1/25/6 45/76/2 2/36/9
f 2/36/8 45/76/2 9/96/40
f 3/23/14 45/69/2 4/33/19
f 4/33/18 45/69/2 1/97/5
f 5/30/22 44/70/1 8/97/35
f 6/22/26 44/70/1 5/30/23
f 7/35/31 44/73/1 16/94/70
f 8/27/36 44/73/1 7/35/32
f 9/26/39 45/72/2 10/32/45
f 10/32/44 45/72/2 11/97/49
f 11/27/48 45/75/2 12/34/53
f 12/34/52 45/75/2 3/94/15
f 13/37/55 44/74/1 6/95/27
f 14/24/61 44/74/1 13/37/56
f 15/31/65 44/71/1 14/97/62
f 16/21/69 44/71/1 15/31/66
f 43/91/176 17/131/74 40/122/166 42/92/172 36/49/150 26/48/110
f 47/105/180 51/106/192 50/136/189 46/135/177
f 48/138/183 52/137/195 53/107/198 49/108/186
f 54/132/201 58/133/213 59/103/216 55/102/204
f 57/109/210 61/104/222 60/134/219 56/139/207
f 63/144/230 65/144/236 64/144/233 62/144/227
f 66/136/239 68/137/245 69/107/248 67/106/242
f 71/102/252 75/103/264 74/133/261 70/132/249
f 72/139/255 76/134/267 77/104/270 73/109/258
f 78/140/274 82/136/286 84/137/292 80/142/280
f 81/100/283 85/107/295 83/106/289 79/99/277
f 86/144/299 88/144/305 89/144/308 87/144/302
f 91/103/314 93/104/320 92/134/317 90/133/311
f 95/98/325 99/103/337 101/104/343 97/101/331
f 96/143/328 100/134/340 98/133/334 94/141/322
f 103/99/349 107/106/361 109/107/367 105/100/355
f 104/142/352 108/137/364 106/136/358 102/140/346
s 2
f 2/1/10 43/28/174 26/2/109
f 4/111/17 30/113/124 28/88/116 3/83/13
f 9/59/41 43/28/175 2/1/11
f 17/61/72 43/28/173 9/59/38
f 24/90/100 32/116/132 16/111/68 15/84/64
f 27/87/112 29/114/120 8/112/34 7/82/30
f 31/121/127 23/78/96 11/77/47 12/120/50
f 33/46/137 37/19/153 23/12/97 31/45/130
f 34/42/140 35/17/144 28/16/118 30/40/126
f 35/17/146 34/42/142 29/44/122 27/18/114
f 37/19/151 33/46/135 32/47/133 24/20/101
f 41/93/170 25/50/106 36/49/149 42/92/171 40/122/165 18/123/78
f 46/140/178 50/136/190 52/137/196 48/142/184
f 49/100/187 53/107/199 51/106/193 47/99/181
f 55/144/206 57/144/212 56/144/209 54/144/203
f 58/133/215 60/134/221 61/104/224 59/103/218
f 63/99/229 67/106/241 69/107/247 65/100/235
f 64/142/232 68/137/244 66/136/238 62/140/226
f 70/141/250 74/133/262 76/134/268 72/143/256
f 73/101/259 77/104/271 75/103/265 71/98/253
f 78/144/275 80/144/281 81/144/284 79/144/278
f 83/106/290 85/107/296 84/137/293 82/136/287
f 86/141/298 90/133/310 92/134/316 88/143/304
f 89/101/307 93/104/319 91/103/313 87/98/301
f 94/132/321 98/133/333 99/103/336 95/102/324
f 97/109/330 101/104/342 100/134/339 96/139/327
f 103/144/350 105/144/356 104/144/353 102/144/347
f 106/136/359 108/137/365 109/107/368 107/106/362
s 3
f 2/110/7 26/118/107 20/80/84 1/79/4
f 3/63/12 28/64/115 31/9/128 12/6/51
f 5/79/21 19/81/80 25/119/104 6/117/25
f 11/63/46 23/64/95 21/9/87 10/6/42
f 14/7/59 22/10/91 24/66/99 15/62/63
f 16/8/67 32/10/131 27/65/111 7/62/29
f 21/56/90 23/129/98 37/130/154 38/57/158
f 24/128/102 22/55/94 38/57/156 37/130/152
f 26/41/108 36/43/147 39/14/160 20/13/86
f 27/128/113 32/54/134 33/52/138 35/127/145
f 31/51/129 28/126/117 35/127/143 33/52/136
f 39/14/162 36/43/148 25/44/105 19/15/82
f 46/144/179 48/144/185 49/144/188 47/144/182
f 51/106/194 53/107/200 52/137/197 50/136/191
f 55/98/205 59/103/217 61/104/223 57/101/211
f 56/143/208 60/134/220 58/133/214 54/141/202
f 62/135/225 66/136/237 67/106/240 63/105/228
f 65/108/234 69/107/246 68/137/243 64/138/231
f 70/144/251 72/144/257 73/144/260 71/144/254
f 75/103/266 77/104/272 76/134/269 74/133/263
f 79/105/276 83/106/288 82/136/285 78/135/273
f 80/138/279 84/137/291 85/107/294 81/108/282
f 87/102/300 91/103/312 90/133/309 86/132/297
f 88/139/303 92/134/315 93/104/318 89/109/306
f 95/144/326 97/144/332 96/144/329 94/144/323
f 98/133/335 100/134/341 101/104/344 99/103/338
f 102/135/345 106/136/357 107/106/360 103/105/348
f 105/108/354 109/107/366 108/137/363 104/138/351
s 4
f 1/67/3 20/68/83 30/4/123 4/3/16
f 6/3/28 41/29/169 13/58/58
f 8/8/33 29/11/119 19/66/79 5/62/20
f 13/58/57 41/29/168 18/60/77
f 19/125/81 29/55/121 34/53/141 39/124/161
f 25/5/103 41/29/167 6/3/24
f 30/51/125 20/129/85 39/124/159 34/53/139
s 5
f 10/111/43 21/115/88 17/89/71 9/85/37
f 13/82/54 18/86/75 22/113/92 14/112/60
f 18/20/76 40/14/163 38/39/155 22/47/93
f 38/39/157 40/14/164 17/12/73 21/38/89
