# Exported from Wings 3D 1.5.4
mtllib ./rad1_basic.mtl
o shortb
#79 vertices, 72 faces
v -0.61250000 0.21125000 -0.12338112
v -0.31705333 0.21125000 -0.24575914
v -1.9380383e-16 0.21125000 -0.28750000
v 0.31705333 0.21125000 -0.24575914
v 0.61250000 0.21125000 -0.12338112
v -0.61250000 0.17375000 -0.12338112
v -0.31705333 0.17375000 -0.24575914
v -1.9380383e-16 0.17375000 -0.28750000
v 0.31705333 0.17375000 -0.24575914
v 0.61250000 0.17375000 -0.12338112
v 0.70960215 0.17375000 -4.8872017e-2
v 0.70960215 0.21125000 -4.8872017e-2
v -0.70960215 0.17375000 -4.8872017e-2
v -0.70960215 0.21125000 -4.8872017e-2
v 0.67935938 0.17375000 -9.4588717e-3
v 0.58744607 0.17375000 -7.9986438e-2
v 0.58744607 0.21125000 -7.9986438e-2
v 0.67935938 0.21125000 -9.4588717e-3
v 0.30408446 0.17375000 -0.19735866
v 0.30408446 0.21125000 -0.19735866
v -1.8730888e-16 0.17375000 -0.23739214
v -1.8730888e-16 0.21125000 -0.23739214
v -0.30408446 0.17375000 -0.19735866
v -0.30408446 0.21125000 -0.19735866
v -0.58744607 0.17375000 -7.9986438e-2
v -0.58744607 0.21125000 -7.9986438e-2
v -0.67935938 0.17375000 -9.4588717e-3
v -0.67935938 0.21125000 -9.4588717e-3
v -0.46874987 0.25000000 0.12560118
v -0.24264275 0.25000000 3.1944538e-2
v 8.8150393e-8 0.25000000 0.0000000e+0
v 0.24264292 0.25000000 3.1944538e-2
v 0.46875005 0.25000000 0.12560118
v -0.46874987 -0.25000000 0.12560118
v -0.24264275 -0.25000000 3.1944538e-2
v 8.8150393e-8 -0.25000000 0.0000000e+0
v 0.24264292 -0.25000000 3.1944538e-2
v 0.46875005 -0.25000000 0.12560118
v -0.57499986 0.25000000 -5.8429214e-2
v -0.29764179 0.25000000 -0.17331470
v 8.8150393e-8 0.25000000 -0.21250000
v 0.29764196 0.25000000 -0.17331470
v 0.57500004 0.25000000 -5.8429214e-2
v -0.57499986 -0.25000000 -5.8429214e-2
v -0.29764179 -0.25000000 -0.17331470
v 8.8150393e-8 -0.25000000 -0.21250000
v 0.29764196 -0.25000000 -0.17331470
v 0.57500004 -0.25000000 -5.8429214e-2
v -0.59374986 0.25000000 -9.0905167e-2
v -0.30734750 0.25000000 -0.20953692
v 8.8150393e-8 0.25000000 -0.25000000
v 0.30734768 0.25000000 -0.20953692
v 0.59375004 0.25000000 -9.0905167e-2
v -0.59374986 -0.25000000 -9.0905167e-2
v -0.30734750 -0.25000000 -0.20953692
v 8.8150393e-8 -0.25000000 -0.25000000
v 0.30734768 -0.25000000 -0.20953692
v 0.59375004 -0.25000000 -9.0905167e-2
v -0.56583117 0.25000000 0.20009429
v 0.56583134 0.25000000 0.20009429
v -0.56583117 -0.25000000 0.20009429
v 0.56583134 -0.25000000 0.20009429
v 0.69408643 0.25000000 3.2948994e-2
v -0.69408625 0.25000000 3.2948994e-2
v -0.69408625 -0.25000000 3.2948994e-2
v 0.69408643 -0.25000000 3.2948994e-2
v 0.71671968 -0.25000000 3.4527652e-3
v -0.71671950 0.25000000 3.4527652e-3
v 0.71671968 0.25000000 3.4527652e-3
v -0.71671950 -0.25000000 3.4527652e-3
v 0.69408643 0.0000000e+0 3.2948994e-2
v -0.69408625 0.0000000e+0 3.2948994e-2
v 0.56583134 0.0000000e+0 0.20009429
v -0.56583117 0.0000000e+0 0.20009429
v 0.46875005 0.0000000e+0 0.12560118
v 0.24264292 0.0000000e+0 3.1944538e-2
v 8.8150393e-8 0.0000000e+0 0.0000000e+0
v -0.24264275 0.0000000e+0 3.1944538e-2
v -0.46874987 0.0000000e+0 0.12560118
vt 1.1076771e-2 1.7932358e-2
vt 1.1081613e-2 6.6430700e-2
vt 1.1086454e-2 0.11559505
vt 1.1427772e-2 0.75054374
vt 1.1528101e-2 0.74270192
vt 1.7902035e-2 1.0246714e-2
vt 1.7902035e-2 1.7932358e-2
vt 1.7902035e-2 0.11559505
vt 1.7902035e-2 0.12247250
vt 2.2286006e-2 0.73285769
vt 2.2286006e-2 0.74270192
vt 2.2286006e-2 0.75054374
vt 2.2286006e-2 0.76039644
vt 4.6701984e-2 0.73285769
vt 4.6701984e-2 0.74270192
vt 4.6701984e-2 0.75054374
vt 4.6701984e-2 0.76039644
vt 4.7689100e-2 1.0246714e-2
vt 4.7689100e-2 1.7932358e-2
vt 4.7689100e-2 0.11559505
vt 4.7689100e-2 0.12247250
vt 0.10788301 1.0246714e-2
vt 0.10788301 1.7932358e-2
vt 0.10788301 0.11559505
vt 0.10788301 0.12247250
vt 0.10791068 0.73285769
vt 0.10791068 0.74270192
vt 0.10791068 0.75054374
vt 0.10791068 0.76039644
vt 0.16824477 1.0246714e-2
vt 0.16824477 1.7932358e-2
vt 0.16824477 0.11559505
vt 0.16824477 0.12247250
vt 0.16827155 0.73285769
vt 0.16827155 0.74270192
vt 0.16827155 0.75054374
vt 0.16827155 0.76039644
vt 0.22860653 1.0246714e-2
vt 0.22860653 1.7932358e-2
vt 0.22860653 0.11559505
vt 0.22860653 0.12247250
vt 0.22865351 0.73285769
vt 0.22865351 0.74270192
vt 0.22865351 0.75054374
vt 0.22865351 0.76039644
vt 0.28880044 1.0246714e-2
vt 0.28880044 1.7932358e-2
vt 0.28880044 0.11559505
vt 0.28880044 0.12247250
vt 0.28961027 0.73285769
vt 0.28961027 0.74270192
vt 0.28961027 0.75054374
vt 0.28961027 0.76039644
vt 0.31417763 0.73285769
vt 0.31417763 0.74270192
vt 0.31417763 0.75054374
vt 0.31417763 0.76039644
vt 0.31975043 1.0246714e-2
vt 0.31975043 1.7932358e-2
vt 0.31975043 0.11559505
vt 0.31975043 0.12247250
vt 0.32516921 0.74270192
vt 0.32549667 0.75054374
vt 0.32754023 0.11559505
vt 0.32754507 6.6430700e-2
vt 0.32754991 1.7932358e-2
vt 0.34713639 0.90176191
vt 0.34713639 0.95168636
vt 0.34718061 0.90165237
vt 0.34718061 0.95157682
vt 0.34719918 0.90176191
vt 0.34719918 0.95168636
vt 0.34724801 0.90165237
vt 0.34724801 0.95157682
vt 0.38614032 0.90165237
vt 0.38614032 0.95157682
vt 0.38614032 0.98983197
vt 0.38616183 0.90165237
vt 0.38616183 0.95157682
vt 0.38616183 0.98983197
vt 0.38618113 0.90176191
vt 0.38618113 0.95168636
vt 0.38618113 0.98972243
vt 0.38618454 0.90176191
vt 0.38618454 0.95168636
vt 0.38618454 0.98972243
vt 0.41062781 0.90176191
vt 0.41062781 0.95168636
vt 0.41062781 0.98972243
vt 0.41073238 0.90165237
vt 0.41073238 0.95157682
vt 0.41073238 0.98983197
vt 0.41077660 0.90176191
vt 0.41077660 0.95168636
vt 0.41077660 0.98972243
vt 0.41093240 0.90165237
vt 0.41093240 0.95157682
vt 0.41093240 0.98983197
vt 0.46085516 0.90176191
vt 0.46085516 0.95168636
vt 0.46085516 0.98972243
vt 0.46115975 0.90165237
vt 0.46115975 0.95157682
vt 0.46115975 0.98983197
vt 0.46117879 0.90165237
vt 0.46117879 0.95157682
vt 0.46117879 0.98983197
vt 0.46122302 0.90176191
vt 0.46122302 0.95168636
vt 0.46122302 0.98972243
vt 0.51038326 0.90176191
vt 0.51038326 0.95168636
vt 0.51038326 0.98972243
vt 0.51068785 0.90165237
vt 0.51068785 0.95157682
vt 0.51068785 0.98983197
vt 0.51075525 0.90165237
vt 0.51075525 0.95157682
vt 0.51075525 0.98983197
vt 0.51079948 0.90176191
vt 0.51079948 0.95168636
vt 0.51079948 0.98972243
vn 0.0000000e+0 -1.00000000 0.0000000e+0
vn 0.0000000e+0 1.00000000 0.0000000e+0
vn 0.0000000e+0 -1.00000000 0.0000000e+0
vn 0.0000000e+0 1.00000000 0.0000000e+0
vn 0.0000000e+0 -1.00000000 0.0000000e+0
vn 0.0000000e+0 1.00000000 0.0000000e+0
vn 0.0000000e+0 -1.00000000 0.0000000e+0
vn 0.0000000e+0 1.00000000 0.0000000e+0
vn 0.0000000e+0 -1.00000000 0.0000000e+0
vn 0.0000000e+0 1.00000000 0.0000000e+0
vn -0.50000003 0.0000000e+0 0.86602539
vn -0.25881907 0.0000000e+0 0.96592582
vn 4.7591632e-16 0.0000000e+0 1.00000000
vn 0.25881907 0.0000000e+0 0.96592582
vn 0.50000003 0.0000000e+0 0.86602539
vn -0.50000000 0.0000000e+0 -0.86602540
vn -0.50000000 0.0000000e+0 -0.86602540
vn 0.0000000e+0 1.00000000 0.0000000e+0
vn 0.0000000e+0 1.00000000 0.0000000e+0
vn -0.25881905 0.0000000e+0 -0.96592583
vn -0.25881905 0.0000000e+0 -0.96592583
vn 0.0000000e+0 1.00000000 0.0000000e+0
vn 0.0000000e+0 1.00000000 0.0000000e+0
vn -1.1198031e-16 0.0000000e+0 -1.00000000
vn -1.1198031e-16 0.0000000e+0 -1.00000000
vn 0.0000000e+0 1.00000000 0.0000000e+0
vn 0.0000000e+0 1.00000000 0.0000000e+0
vn 0.25881905 0.0000000e+0 -0.96592583
vn 0.25881905 0.0000000e+0 -0.96592583
vn 0.0000000e+0 1.00000000 0.0000000e+0
vn 0.0000000e+0 1.00000000 0.0000000e+0
vn 0.50000000 0.0000000e+0 -0.86602540
vn 0.50000000 0.0000000e+0 -0.86602540
vn 0.0000000e+0 1.00000000 0.0000000e+0
vn 0.0000000e+0 1.00000000 0.0000000e+0
vn -0.50000000 0.0000000e+0 -0.86602540
vn -0.50000000 0.0000000e+0 -0.86602540
vn 0.0000000e+0 -1.00000000 0.0000000e+0
vn 0.0000000e+0 -1.00000000 0.0000000e+0
vn -0.25881905 0.0000000e+0 -0.96592583
vn -0.25881905 0.0000000e+0 -0.96592583
vn 0.0000000e+0 -1.00000000 0.0000000e+0
vn 0.0000000e+0 -1.00000000 0.0000000e+0
vn -1.1198031e-16 0.0000000e+0 -1.00000000
vn -1.1198031e-16 0.0000000e+0 -1.00000000
vn 0.0000000e+0 -1.00000000 0.0000000e+0
vn 0.0000000e+0 -1.00000000 0.0000000e+0
vn 0.25881905 0.0000000e+0 -0.96592583
vn 0.25881905 0.0000000e+0 -0.96592583
vn 0.0000000e+0 -1.00000000 0.0000000e+0
vn 0.0000000e+0 -1.00000000 0.0000000e+0
vn 0.50000000 0.0000000e+0 -0.86602540
vn 0.50000000 0.0000000e+0 -0.86602540
vn 0.0000000e+0 -1.00000000 0.0000000e+0
vn 0.0000000e+0 -1.00000000 0.0000000e+0
vn 0.60876143 0.0000000e+0 -0.79335334
vn 0.0000000e+0 -1.00000000 0.0000000e+0
vn 0.79335334 0.0000000e+0 0.60876143
vn 0.60876143 0.0000000e+0 -0.79335334
vn 0.0000000e+0 1.00000000 0.0000000e+0
vn 0.79335334 0.0000000e+0 0.60876143
vn -0.60876143 0.0000000e+0 -0.79335334
vn 0.0000000e+0 -1.00000000 0.0000000e+0
vn -0.79335334 0.0000000e+0 0.60876143
vn -0.60876143 0.0000000e+0 -0.79335334
vn 0.0000000e+0 1.00000000 0.0000000e+0
vn -0.79335334 0.0000000e+0 0.60876143
vn 0.0000000e+0 -1.00000000 0.0000000e+0
vn 0.79335334 0.0000000e+0 0.60876143
vn 0.0000000e+0 1.00000000 0.0000000e+0
vn 0.79335334 0.0000000e+0 0.60876143
vn 0.0000000e+0 -1.00000000 0.0000000e+0
vn -0.79335334 0.0000000e+0 0.60876143
vn 0.0000000e+0 1.00000000 0.0000000e+0
vn -0.79335334 0.0000000e+0 0.60876143
vn 0.0000000e+0 1.00000000 0.0000000e+0
vn 0.0000000e+0 1.00000000 0.0000000e+0
vn 0.50000003 0.0000000e+0 0.86602539
vn 0.50000003 0.0000000e+0 0.86602539
vn 0.0000000e+0 1.00000000 0.0000000e+0
vn 0.0000000e+0 1.00000000 0.0000000e+0
vn 0.25881907 0.0000000e+0 0.96592582
vn 0.25881907 0.0000000e+0 0.96592582
vn 0.0000000e+0 1.00000000 0.0000000e+0
vn 0.0000000e+0 1.00000000 0.0000000e+0
vn 4.7591632e-16 0.0000000e+0 1.00000000
vn 4.7591632e-16 0.0000000e+0 1.00000000
vn 0.0000000e+0 1.00000000 0.0000000e+0
vn 0.0000000e+0 1.00000000 0.0000000e+0
vn -0.25881907 0.0000000e+0 0.96592582
vn -0.25881907 0.0000000e+0 0.96592582
vn 0.0000000e+0 1.00000000 0.0000000e+0
vn -0.50000003 0.0000000e+0 0.86602539
vn -0.50000003 0.0000000e+0 0.86602539
vn 0.0000000e+0 1.00000000 0.0000000e+0
vn 0.0000000e+0 -1.00000000 0.0000000e+0
vn 0.0000000e+0 -1.00000000 0.0000000e+0
vn 0.50000003 0.0000000e+0 0.86602539
vn 0.50000003 0.0000000e+0 0.86602539
vn 0.0000000e+0 -1.00000000 0.0000000e+0
vn 0.0000000e+0 -1.00000000 0.0000000e+0
vn 0.25881907 0.0000000e+0 0.96592582
vn 0.25881907 0.0000000e+0 0.96592582
vn 0.0000000e+0 -1.00000000 0.0000000e+0
vn 0.0000000e+0 -1.00000000 0.0000000e+0
vn 4.7591632e-16 0.0000000e+0 1.00000000
vn 4.7591632e-16 0.0000000e+0 1.00000000
vn 0.0000000e+0 -1.00000000 0.0000000e+0
vn 0.0000000e+0 -1.00000000 0.0000000e+0
vn -0.25881907 0.0000000e+0 0.96592582
vn -0.25881907 0.0000000e+0 0.96592582
vn 0.0000000e+0 -1.00000000 0.0000000e+0
vn 0.0000000e+0 -1.00000000 0.0000000e+0
vn -0.50000003 0.0000000e+0 0.86602539
vn -0.50000003 0.0000000e+0 0.86602539
vn 0.0000000e+0 1.00000000 0.0000000e+0
vn 0.0000000e+0 1.00000000 0.0000000e+0
vn 0.0000000e+0 1.00000000 0.0000000e+0
vn 0.0000000e+0 1.00000000 0.0000000e+0
vn 0.0000000e+0 1.00000000 0.0000000e+0
vn 0.0000000e+0 1.00000000 0.0000000e+0
vn 0.0000000e+0 1.00000000 0.0000000e+0
vn 0.0000000e+0 1.00000000 0.0000000e+0
vn 0.0000000e+0 1.00000000 0.0000000e+0
vn 0.0000000e+0 1.00000000 0.0000000e+0
vn 0.0000000e+0 1.00000000 0.0000000e+0
vn 0.0000000e+0 1.00000000 0.0000000e+0
vn 0.0000000e+0 1.00000000 0.0000000e+0
vn 0.0000000e+0 1.00000000 0.0000000e+0
vn 0.0000000e+0 1.00000000 0.0000000e+0
vn 0.0000000e+0 1.00000000 0.0000000e+0
vn 0.0000000e+0 1.00000000 0.0000000e+0
vn 0.0000000e+0 1.00000000 0.0000000e+0
vn 0.0000000e+0 1.00000000 0.0000000e+0
vn 0.0000000e+0 1.00000000 0.0000000e+0
vn 0.0000000e+0 -1.00000000 0.0000000e+0
vn 0.0000000e+0 -1.00000000 0.0000000e+0
vn 0.0000000e+0 -1.00000000 0.0000000e+0
vn 0.0000000e+0 -1.00000000 0.0000000e+0
vn 0.0000000e+0 -1.00000000 0.0000000e+0
vn 0.0000000e+0 -1.00000000 0.0000000e+0
vn 0.0000000e+0 -1.00000000 0.0000000e+0
vn 0.0000000e+0 -1.00000000 0.0000000e+0
vn 0.0000000e+0 -1.00000000 0.0000000e+0
vn 0.0000000e+0 -1.00000000 0.0000000e+0
vn 0.0000000e+0 -1.00000000 0.0000000e+0
vn 0.0000000e+0 -1.00000000 0.0000000e+0
vn 0.0000000e+0 -1.00000000 0.0000000e+0
vn 0.0000000e+0 -1.00000000 0.0000000e+0
vn 0.0000000e+0 -1.00000000 0.0000000e+0
vn 0.0000000e+0 -1.00000000 0.0000000e+0
vn 0.0000000e+0 -1.00000000 0.0000000e+0
vn 0.0000000e+0 -1.00000000 0.0000000e+0
vn 0.0000000e+0 -1.00000000 0.0000000e+0
vn 0.0000000e+0 -1.00000000 0.0000000e+0
vn -0.50000003 0.0000000e+0 -0.86602539
vn 0.0000000e+0 1.00000000 0.0000000e+0
vn -0.50000003 0.0000000e+0 -0.86602539
vn 0.0000000e+0 1.00000000 0.0000000e+0
vn -0.25881907 0.0000000e+0 -0.96592582
vn -0.25881907 0.0000000e+0 -0.96592582
vn 0.0000000e+0 1.00000000 0.0000000e+0
vn 0.0000000e+0 1.00000000 0.0000000e+0
vn -1.8196800e-16 0.0000000e+0 -1.00000000
vn -1.8196800e-16 0.0000000e+0 -1.00000000
vn 0.0000000e+0 1.00000000 0.0000000e+0
vn 0.0000000e+0 1.00000000 0.0000000e+0
vn 0.25881907 0.0000000e+0 -0.96592582
vn 0.25881907 0.0000000e+0 -0.96592582
vn 0.0000000e+0 1.00000000 0.0000000e+0
vn 0.0000000e+0 1.00000000 0.0000000e+0
vn 0.50000003 0.0000000e+0 -0.86602539
vn 0.0000000e+0 1.00000000 0.0000000e+0
vn 0.0000000e+0 1.00000000 0.0000000e+0
vn 0.50000003 0.0000000e+0 -0.86602539
vn -0.50000003 0.0000000e+0 -0.86602539
vn 0.0000000e+0 -1.00000000 0.0000000e+0
vn 0.0000000e+0 -1.00000000 0.0000000e+0
vn -0.50000003 0.0000000e+0 -0.86602539
vn -0.25881907 0.0000000e+0 -0.96592582
vn -0.25881907 0.0000000e+0 -0.96592582
vn 0.0000000e+0 -1.00000000 0.0000000e+0
vn 0.0000000e+0 -1.00000000 0.0000000e+0
vn -1.8196800e-16 0.0000000e+0 -1.00000000
vn -1.8196800e-16 0.0000000e+0 -1.00000000
vn 0.0000000e+0 -1.00000000 0.0000000e+0
vn 0.0000000e+0 -1.00000000 0.0000000e+0
vn 0.25881907 0.0000000e+0 -0.96592582
vn 0.25881907 0.0000000e+0 -0.96592582
vn 0.0000000e+0 -1.00000000 0.0000000e+0
vn 0.0000000e+0 -1.00000000 0.0000000e+0
vn 0.50000003 0.0000000e+0 -0.86602539
vn 0.0000000e+0 -1.00000000 0.0000000e+0
vn 0.50000003 0.0000000e+0 -0.86602539
vn 0.0000000e+0 -1.00000000 0.0000000e+0
vn 0.0000000e+0 1.00000000 0.0000000e+0
vn 0.60876146 0.0000000e+0 0.79335331
vn -0.79335337 0.0000000e+0 0.60876140
vn -0.60876146 0.0000000e+0 0.79335331
vn 0.0000000e+0 1.00000000 0.0000000e+0
vn 0.79335337 0.0000000e+0 0.60876140
vn 0.0000000e+0 -1.00000000 0.0000000e+0
vn 0.60876146 0.0000000e+0 0.79335331
vn -0.79335337 0.0000000e+0 0.60876140
vn 0.0000000e+0 -1.00000000 0.0000000e+0
vn -0.60876146 0.0000000e+0 0.79335331
vn 0.79335337 0.0000000e+0 0.60876140
vn 0.0000000e+0 1.00000000 0.0000000e+0
vn 0.0000000e+0 1.00000000 0.0000000e+0
vn 0.79335337 0.0000000e+0 0.60876140
vn 0.79335337 0.0000000e+0 0.60876140
vn 0.0000000e+0 1.00000000 0.0000000e+0
vn 0.0000000e+0 1.00000000 0.0000000e+0
vn -0.79335337 0.0000000e+0 0.60876140
vn -0.79335337 0.0000000e+0 0.60876140
vn 0.0000000e+0 -1.00000000 0.0000000e+0
vn 0.0000000e+0 -1.00000000 0.0000000e+0
vn -0.79335337 0.0000000e+0 0.60876140
vn -0.79335337 0.0000000e+0 0.60876140
vn 0.0000000e+0 -1.00000000 0.0000000e+0
vn 0.0000000e+0 -1.00000000 0.0000000e+0
vn 0.79335337 0.0000000e+0 0.60876140
vn 0.79335337 0.0000000e+0 0.60876140
vn 0.60876146 0.0000000e+0 -0.79335331
vn 0.0000000e+0 -1.00000000 0.0000000e+0
vn 0.79335337 0.0000000e+0 0.60876140
vn 0.79335337 0.0000000e+0 0.60876140
vn -0.60876146 0.0000000e+0 -0.79335331
vn 0.0000000e+0 1.00000000 0.0000000e+0
vn -0.79335337 0.0000000e+0 0.60876140
vn -0.79335337 0.0000000e+0 0.60876140
vn 0.0000000e+0 1.00000000 0.0000000e+0
vn 0.60876146 0.0000000e+0 -0.79335331
vn 0.79335337 0.0000000e+0 0.60876140
vn 0.79335337 0.0000000e+0 0.60876140
vn 0.0000000e+0 -1.00000000 0.0000000e+0
vn -0.60876146 0.0000000e+0 -0.79335331
vn -0.79335337 0.0000000e+0 0.60876140
vn -0.79335337 0.0000000e+0 0.60876140
vn 0.79335337 0.0000000e+0 0.60876140
vn 0.79335337 0.0000000e+0 0.60876140
vn 0.79335337 0.0000000e+0 0.60876140
vn 0.79335337 0.0000000e+0 0.60876140
vn 0.79335337 0.0000000e+0 0.60876140
vn -0.79335337 0.0000000e+0 0.60876140
vn -0.79335337 0.0000000e+0 0.60876140
vn -0.79335337 0.0000000e+0 0.60876140
vn -0.79335337 0.0000000e+0 0.60876140
vn -0.79335337 0.0000000e+0 0.60876140
vn -0.60876146 0.0000000e+0 0.79335331
vn 0.79335337 0.0000000e+0 0.60876140
vn -0.60876146 0.0000000e+0 0.79335331
vn 0.79335337 0.0000000e+0 0.60876140
vn 0.60876146 0.0000000e+0 0.79335331
vn -0.79335337 0.0000000e+0 0.60876140
vn 0.60876146 0.0000000e+0 0.79335331
vn -0.79335337 0.0000000e+0 0.60876140
g shortb_1_auv
usemtl 1_auv
s 1
f 2/44/21 7/43/41 6/51/36 1/52/16
f 3/36/25 8/35/45 7/43/40 2/44/20
f 4/28/29 9/27/49 8/35/44 3/36/24
f 5/16/32 10/15/52 9/27/48 4/28/28
f 6/51/37 13/55/62 14/56/65 1/52/17
f 12/12/59 11/11/56 10/15/53 5/16/33
f 30/100/81 40/101/121 39/89/117 29/88/77
f 31/112/85 41/113/125 40/101/120 30/100/80
f 32/109/89 42/110/129 41/122/124 31/121/84
f 33/94/92 43/95/132 42/110/128 32/109/88
f 34/97/96 44/98/136 45/104/141 35/103/101
f 34/97/97 61/79/202 65/80/217 44/98/139
f 35/103/100 45/104/140 46/116/144 36/115/104
f 36/118/105 46/119/145 47/107/148 37/106/108
f 37/106/109 47/107/149 48/92/152 38/91/112
f 38/91/113 48/92/153 66/77/220 62/76/205
f 39/89/116 64/83/212 59/82/196 29/88/76
f 60/85/200 63/86/209 43/95/135 33/94/95
f 63/3/211 71/2/241 69/8/234
f 65/66/218 72/65/246 70/59/238
f 67/7/226 71/2/242 66/1/222
f 68/60/230 72/65/247 64/64/215
f 69/8/235 71/2/243 67/7/227
f 70/59/239 72/65/248 68/60/231
s 2
f 1/52/18 26/53/10 24/45/8 2/44/23
f 2/44/22 24/45/8 22/37/6 3/36/27
f 3/36/26 22/37/6 20/29/4 4/28/31
f 4/28/30 20/29/4 17/17/2 5/16/35
f 5/16/34 17/17/2 18/13/70 12/12/60
f 6/51/38 25/50/9 27/54/72 13/55/63
f 7/43/42 23/42/7 25/50/9 6/51/39
f 8/35/46 21/34/5 23/42/7 7/43/43
f 9/27/50 19/26/3 21/34/5 8/35/47
f 10/15/54 16/14/1 19/26/3 9/27/51
f 11/11/57 15/10/68 16/14/1 10/15/55
f 12/12/61 18/4/71 15/5/69 11/11/58
f 13/55/64 27/62/73 28/63/75 14/56/67
f 14/56/66 28/57/74 26/53/10 1/52/19
f 39/49/118 40/41/122 50/40/162 49/48/157
f 40/41/123 41/33/126 51/32/166 50/40/163
f 41/33/127 42/25/131 52/24/171 51/32/167
f 42/25/130 43/21/133 53/20/173 52/24/170
f 43/21/134 63/9/208 69/8/232 53/20/174
f 44/46/138 54/47/178 55/39/183 45/38/143
f 44/46/137 65/58/216 70/59/236 54/47/177
f 45/38/142 55/39/182 56/31/187 46/30/147
f 46/30/146 56/31/186 57/23/190 47/22/150
f 47/22/151 57/23/191 58/19/193 48/18/154
f 48/18/155 58/19/195 67/7/225 66/6/221
f 49/48/159 68/60/229 64/61/213 39/49/119
f 60/85/201 73/84/251 71/67/240 63/68/210
f 61/79/204 74/78/257 72/73/249 65/74/219
f 64/72/214 72/71/245 74/81/255 59/82/198
f 66/70/223 71/69/244 73/75/253 62/76/207
s 3
f 29/88/78 79/87/15 78/99/14 30/100/82
f 30/100/83 78/99/14 77/111/13 31/112/86
f 31/121/87 77/120/13 76/108/12 32/109/90
f 32/109/91 76/108/12 75/93/11 33/94/93
f 33/94/94 75/93/11 73/84/250 60/85/199
f 35/103/102 78/102/14 79/96/15 34/97/98
f 36/115/106 77/114/13 78/102/14 35/103/103
f 37/106/110 76/105/12 77/117/13 36/118/107
f 38/91/114 75/90/11 76/105/12 37/106/111
f 49/48/156 50/40/161 55/39/181 54/47/176
f 50/40/160 51/32/165 56/31/185 55/39/180
f 51/32/164 52/24/169 57/23/189 56/31/184
f 52/24/168 53/20/172 58/19/192 57/23/188
f 53/20/175 69/8/233 67/7/224 58/19/194
f 54/47/179 70/59/237 68/60/228 49/48/158
f 59/82/197 74/81/254 79/87/15 29/88/79
f 62/76/206 73/75/252 75/90/11 38/91/115
f 79/96/15 74/78/256 61/79/203 34/97/99
