# Exported from Wings 3D 1.5.4
mtllib big adapter.mtl
o 1
#208 vertices, 164 faces
v 0.30022516 0.13384543 -0.98612025
v 0.29136516 0.12441301 -0.96473031
v 0.28217700 0.24960698 -0.94254814
v 0.27331700 0.24017455 -0.92115820
v 0.48500107 0.13384543 -0.90958356
v 0.47614106 0.12441301 -0.88819362
v 0.46695291 0.24960698 -0.86601146
v 0.45809290 0.24017455 -0.84462151
v -1.17524182 -0.36250000 -0.46650625
v -1.16089119 -0.36250000 -0.50115173
v -1.17524182 -0.28750000 -0.46650625
v -1.16089119 -0.28750000 -0.50115173
v -1.09440236 -0.36250000 -0.43302145
v -1.08005173 -0.36250000 -0.46766693
v -1.09440236 -0.28750000 -0.43302145
v -1.08005173 -0.28750000 -0.46766693
v -1.17524182 -0.36250000 0.46650625
v -1.16089119 -0.36250000 0.50115173
v -1.17524182 -0.28750000 0.46650625
v -1.16089119 -0.28750000 0.50115173
v -1.09440236 -0.36250000 0.43302145
v -1.08005173 -0.36250000 0.46766693
v -1.09440236 -0.28750000 0.43302145
v -1.08005173 -0.28750000 0.46766693
v 1.17524182 -0.36250000 -0.46650625
v 1.16089119 -0.36250000 -0.50115173
v 1.17524182 -0.28750000 -0.46650625
v 1.16089119 -0.28750000 -0.50115173
v 1.09440236 -0.36250000 -0.43302145
v 1.08005173 -0.36250000 -0.46766693
v 1.09440236 -0.28750000 -0.43302145
v 1.08005173 -0.28750000 -0.46766693
v 1.17524182 -0.36250000 0.46650625
v 1.16089119 -0.36250000 0.50115173
v 1.17524182 -0.28750000 0.46650625
v 1.16089119 -0.28750000 0.50115173
v 1.09440236 -0.36250000 0.43302145
v 1.08005173 -0.36250000 0.46766693
v 1.09440236 -0.28750000 0.43302145
v 1.08005173 -0.28750000 0.46766693
v 0.93750000 0.33750000 1.5872165e-17
v 0.90555546 0.33750000 0.24264285
v 0.81189882 0.33750000 0.46875000
v 0.66291261 0.33750000 0.66291261
v 0.46875000 0.33750000 0.81189882
v 0.24264285 0.33750000 0.90555546
v 0.0000000e+0 0.33750000 0.93750000
v -0.24264285 0.33750000 0.90555546
v -0.46875000 0.33750000 0.81189882
v -0.66291261 0.33750000 0.66291261
v -0.81189882 0.33750000 0.46875000
v -0.90555546 0.33750000 0.24264285
v -0.93750000 0.33750000 1.3068280e-16
v -0.90555546 0.33750000 -0.24264285
v -0.81189882 0.33750000 -0.46875000
v -0.66291261 0.33750000 -0.66291261
v -0.46875000 0.33750000 -0.81189882
v -0.24264285 0.33750000 -0.90555546
v 0.0000000e+0 0.33750000 -0.93750000
v 0.24264285 0.33750000 -0.90555546
v 0.46875000 0.33750000 -0.81189882
v 0.66291261 0.33750000 -0.66291261
v 0.81189882 0.33750000 -0.46875000
v 0.90555546 0.33750000 -0.24264285
v 1.25000000 -0.33750000 6.6686679e-18
v 1.20740728 -0.33750000 0.32352381
v 1.08253175 -0.33750000 0.62500000
v 0.88388348 -0.33750000 0.88388348
v 0.62500000 -0.33750000 1.08253175
v 0.32352381 -0.33750000 1.20740728
v 0.0000000e+0 -0.33750000 1.25000000
v -0.32352381 -0.33750000 1.20740728
v -0.62500000 -0.33750000 1.08253175
v -0.88388348 -0.33750000 0.88388348
v -1.08253175 -0.33750000 0.62500000
v -1.20740728 -0.33750000 0.32352381
v -1.25000000 -0.33750000 1.5974952e-16
v -1.20740728 -0.33750000 -0.32352381
v -1.08253175 -0.33750000 -0.62500000
v -0.88388348 -0.33750000 -0.88388348
v -0.62500000 -0.33750000 -1.08253175
v -0.32352381 -0.33750000 -1.20740728
v 0.0000000e+0 -0.33750000 -1.25000000
v 0.32352381 -0.33750000 -1.20740728
v 0.62500000 -0.33750000 -1.08253175
v 0.88388348 -0.33750000 -0.88388348
v 1.08253175 -0.33750000 -0.62500000
v 1.20740728 -0.33750000 -0.32352381
v 1.25000000 -0.37500000 6.1592811e-18
v 1.20740728 -0.37500000 0.32352381
v 1.08253175 -0.37500000 0.62500000
v 0.88388348 -0.37500000 0.88388348
v 0.62500000 -0.37500000 1.08253175
v 0.32352381 -0.37500000 1.20740728
v 0.0000000e+0 -0.37500000 1.25000000
v -0.32352381 -0.37500000 1.20740728
v -0.62500000 -0.37500000 1.08253175
v -0.88388348 -0.37500000 0.88388348
v -1.08253175 -0.37500000 0.62500000
v -1.20740728 -0.37500000 0.32352381
v -1.25000000 -0.37500000 1.5924013e-16
v -1.20740728 -0.37500000 -0.32352381
v -1.08253175 -0.37500000 -0.62500000
v -0.88388348 -0.37500000 -0.88388348
v -0.62500000 -0.37500000 -1.08253175
v -0.32352381 -0.37500000 -1.20740728
v 0.0000000e+0 -0.37500000 -1.25000000
v 0.32352381 -0.37500000 -1.20740728
v 0.62500000 -0.37500000 -1.08253175
v 0.88388348 -0.37500000 -0.88388348
v 1.08253175 -0.37500000 -0.62500000
v 1.20740728 -0.37500000 -0.32352381
v 0.90555546 0.37500000 0.24264285
v 0.93750000 0.37500000 1.5510232e-17
v 0.90555546 0.37500000 -0.24264285
v 0.81189882 0.37500000 -0.46875000
v 0.66291261 0.37500000 -0.66291261
v 0.46875000 0.37500000 -0.81189882
v 0.24264285 0.37500000 -0.90555546
v 0.0000000e+0 0.37500000 -0.93750000
v -0.24264285 0.37500000 -0.90555546
v -0.46875000 0.37500000 -0.81189882
v -0.66291261 0.37500000 -0.66291261
v -0.81189882 0.37500000 -0.46875000
v -0.90555546 0.37500000 -0.24264285
v -0.93750000 0.37500000 1.3032087e-16
v -0.90555546 0.37500000 0.24264285
v -0.81189882 0.37500000 0.46875000
v -0.66291261 0.37500000 0.66291261
v -0.46875000 0.37500000 0.81189882
v -0.24264285 0.37500000 0.90555546
v 0.0000000e+0 0.37500000 0.93750000
v 0.24264285 0.37500000 0.90555546
v 0.46875000 0.37500000 0.81189882
v 0.66291261 0.37500000 0.66291261
v 0.81189882 0.37500000 0.46875000
v 1.17118506 -0.33750000 -0.31381809
v 1.05005580 -0.33750000 -0.60625000
v 0.85736697 -0.33750000 -0.85736697
v 0.60625000 -0.33750000 -1.05005580
v 0.31381809 -0.33750000 -1.17118506
v 0.0000000e+0 -0.33750000 -1.21250000
v -0.31381809 -0.33750000 -1.17118506
v -0.60625000 -0.33750000 -1.05005580
v -0.85736697 -0.33750000 -0.85736697
v -1.05005580 -0.33750000 -0.60625000
v -1.17118506 -0.33750000 -0.31381809
v -1.21250000 -0.33750000 1.5947575e-16
v -1.17118506 -0.33750000 0.31381809
v -1.05005580 -0.33750000 0.60625000
v -0.85736697 -0.33750000 0.85736697
v -0.60625000 -0.33750000 1.05005580
v -0.31381809 -0.33750000 1.17118506
v 4.4408921e-16 -0.33750000 1.21250000
v 0.31381809 -0.33750000 1.17118506
v 0.60625000 -0.33750000 1.05005580
v 0.85736697 -0.33750000 0.85736697
v 1.05005580 -0.33750000 0.60625000
v 1.17118506 -0.33750000 0.31381809
v 1.21250000 -0.33750000 1.0987330e-17
v -0.62455727 0.13384543 0.81393889
v -0.61046304 0.12441301 0.79557092
v -0.59584680 0.24960698 0.77652267
v -0.58175257 0.24017455 0.75815471
v -0.70389261 0.13384543 0.75306274
v -0.68979837 0.12441301 0.73469478
v -0.67518213 0.24960698 0.71564652
v -0.66108790 0.24017455 0.69727856
v -0.30022516 0.13384543 0.98612025
v -0.29136516 0.12441301 0.96473031
v -0.28217700 0.24960698 0.94254814
v -0.27331700 0.24017455 0.92115820
v -0.48500107 0.13384543 0.90958356
v -0.47614106 0.12441301 0.88819362
v -0.46695291 0.24960698 0.86601146
v -0.45809290 0.24017455 0.84462151
v 0.62455727 0.13384543 -0.81393889
v 0.61046304 0.12441301 -0.79557092
v 0.59584680 0.24960698 -0.77652267
v 0.58175257 0.24017455 -0.75815471
v 0.70389261 0.13384543 -0.75306274
v 0.68979837 0.12441301 -0.73469478
v 0.67518213 0.24960698 -0.71564652
v 0.66108790 0.24017455 -0.69727856
v 1.03837026 0.0000000e+0 -0.27823047
v 0.93097731 0.0000000e+0 -0.53750000
v 0.76013979 0.0000000e+0 -0.76013979
v 0.53750000 0.0000000e+0 -0.93097731
v 0.27823047 0.0000000e+0 -1.03837026
v 0.0000000e+0 0.0000000e+0 -1.07500000
v -0.27823047 0.0000000e+0 -1.03837026
v -0.53750000 0.0000000e+0 -0.93097731
v -0.76013979 0.0000000e+0 -0.76013979
v -0.93097731 0.0000000e+0 -0.53750000
v -1.03837026 0.0000000e+0 -0.27823047
v -1.07500000 0.0000000e+0 1.4507928e-16
v -1.03837026 0.0000000e+0 0.27823047
v -0.93097731 0.0000000e+0 0.53750000
v -0.76013979 0.0000000e+0 0.76013979
v -0.53750000 0.0000000e+0 0.93097731
v -0.27823047 0.0000000e+0 1.03837026
v 0.0000000e+0 0.0000000e+0 1.07500000
v 0.27823047 0.0000000e+0 1.03837026
v 0.53750000 0.0000000e+0 0.93097731
v 0.76013979 0.0000000e+0 0.76013979
v 0.93097731 0.0000000e+0 0.53750000
v 1.03837026 0.0000000e+0 0.27823047
v 1.07500000 0.0000000e+0 1.3429747e-17
vt 0.59978656 0.61848561
vt 0.59978656 0.61848561
vt 0.60668404 0.65368886
vt 0.60668404 0.65368886
vt 0.61358153 0.68889212
vt 0.61358153 0.68889212
vt 0.61410515 0.69262618
vt 0.61410515 0.69262618
vt 0.63039379 0.61848561
vt 0.63387701 0.65368886
vt 0.63387701 0.65368886
vt 0.63502025 0.70483958
vt 0.63502025 0.71703733
vt 0.63502025 0.71703733
vt 0.63502025 0.70483958
vt 0.63736023 0.68889212
vt 0.63736023 0.68889212
vt 0.63746154 0.71703733
vt 0.63746154 0.70239829
vt 0.63746154 0.70483958
vt 0.63746154 0.71947862
vt 0.63746154 0.71703733
vt 0.63746154 0.71947862
vt 0.63746154 0.70239829
vt 0.63746154 0.70483958
vt 0.63771175 0.69262618
vt 0.63771175 0.69262618
vt 0.63983973 0.73216939
vt 0.63983973 0.74445284
vt 0.63983973 0.74445284
vt 0.64228103 0.73216939
vt 0.64228103 0.74445284
vt 0.64228103 0.72972810
vt 0.64228103 0.73216939
vt 0.64228103 0.74445284
vt 0.64228103 0.74689414
vt 0.64228103 0.72972810
vt 0.65212637 0.74445284
vt 0.65212637 0.72972810
vt 0.65212637 0.72972810
vt 0.65212637 0.73216939
vt 0.65212637 0.74689414
vt 0.65212637 0.73216939
vt 0.65212637 0.74689414
vt 0.65456766 0.73216939
vt 0.65456766 0.73216939
vt 0.65456766 0.74445284
vt 0.65456766 0.74445284
vt 0.65690018 0.70239829
vt 0.65690018 0.70483958
vt 0.65690018 0.71703733
vt 0.65690018 0.71947862
vt 0.65690018 0.71703733
vt 0.65690018 0.70239829
vt 0.65690018 0.70483958
vt 0.65690018 0.71947862
vt 0.65934147 0.70483958
vt 0.65934147 0.71703733
vt 0.65934147 0.70483958
vt 0.65934147 0.71703733
vt 0.66125945 0.69262618
vt 0.66125945 0.69262618
vt 0.66125945 0.61848561
vt 0.66125945 0.65368886
vt 0.66125945 0.65368886
vt 0.66125945 0.61848561
vt 0.66125945 0.68889212
vt 0.66125945 0.68889212
vt 0.67009428 0.71948404
vt 0.67009428 0.71213144
vt 0.67848462 0.72806206
vt 0.67848462 0.71213144
vt 0.67848462 0.71948404
vt 0.67848462 0.70355342
vt 0.68234860 0.72806206
vt 0.68234860 0.71213144
vt 0.68234860 0.71948404
vt 0.68234860 0.70355342
vt 0.68480716 0.69262618
vt 0.68480716 0.69262618
vt 0.68515868 0.68889212
vt 0.68515868 0.68889212
vt 0.68864190 0.65368886
vt 0.68864190 0.65368886
vt 0.69092663 0.71948404
vt 0.69092663 0.71213144
vt 0.69212511 0.61848561
vt 0.69212511 0.61848561
vt 0.69460292 0.71213144
vt 0.69460292 0.71948404
vt 0.70828849 0.69262618
vt 0.70828849 0.69262618
vt 0.70881210 0.68889212
vt 0.70881210 0.68889212
vt 0.71561609 0.65368886
vt 0.71561609 0.65368886
vt 0.72242008 0.61848561
vt 0.72242008 0.61848561
vt 0.72478919 0.61848561
vt 0.72478919 0.61848561
vt 0.73167034 0.65368886
vt 0.73167034 0.65368886
vt 0.73855149 0.68889212
vt 0.73855149 0.68889212
vt 0.73907511 0.69262618
vt 0.73907511 0.69262618
vt 0.75504785 0.61848561
vt 0.75504785 0.61848561
vt 0.75853107 0.65368886
vt 0.75853107 0.65368886
vt 0.76201428 0.68889212
vt 0.76201428 0.68889212
vt 0.76236581 0.69262618
vt 0.76236581 0.69262618
vt 0.78591351 0.69262618
vt 0.78591351 0.65368886
vt 0.78591351 0.68889212
vt 0.78591351 0.61848561
vt 0.78591351 0.61848561
vt 0.78591351 0.65368886
vt 0.78591351 0.68889212
vt 0.78591351 0.69262618
vt 0.80946121 0.69262618
vt 0.80946121 0.69262618
vt 0.80981273 0.68889212
vt 0.80981273 0.68889212
vt 0.81329595 0.65368886
vt 0.81329595 0.65368886
vt 0.81677917 0.61848561
vt 0.81677917 0.61848561
vt 0.83294254 0.69262618
vt 0.83294254 0.69262618
vt 0.83346616 0.68889212
vt 0.83346616 0.68889212
vt 0.84040631 0.65368886
vt 0.84040631 0.65368886
vt 0.84734647 0.61848561
vt 0.84734647 0.61848561
vt 0.84839136 0.61848561
vt 0.84839136 0.61848561
vt 0.85521573 0.65368886
vt 0.85521573 0.65368886
vt 0.86204009 0.68889212
vt 0.86204009 0.68889212
vt 0.86256371 0.69262618
vt 0.86256371 0.69262618
vt 0.87876817 0.61848561
vt 0.87876817 0.61848561
vt 0.88225138 0.65368886
vt 0.88225138 0.65368886
vt 0.88573460 0.68889212
vt 0.88573460 0.68889212
vt 0.88608612 0.69262618
vt 0.88608612 0.69262618
vt 0.90963383 0.69262618
vt 0.90963383 0.68889212
vt 0.90963383 0.61848561
vt 0.90963383 0.65368886
vt 0.90963383 0.61848561
vt 0.90963383 0.65368886
vt 0.90963383 0.68889212
vt 0.90963383 0.69262618
vt 0.93318153 0.69262618
vt 0.93318153 0.69262618
vt 0.93353305 0.68889212
vt 0.93353305 0.68889212
vt 0.93701627 0.65368886
vt 0.93701627 0.65368886
vt 0.94049949 0.61848561
vt 0.94049949 0.61848561
vt 0.95688996 0.69262618
vt 0.95688996 0.69262618
vt 0.95718050 0.68889212
vt 0.95718050 0.68889212
vt 0.96403698 0.65368886
vt 0.96403698 0.65368886
vt 0.97089347 0.61848561
vt 0.97089347 0.61848561
vt 0.98118867 0.61834615
vt 0.98118867 0.61834615
vt 0.98118867 0.61834615
vt 0.98118867 0.65039845
vt 0.98118867 0.65039845
vt 0.98118867 0.65039845
vt 0.98118867 0.65039845
vt 0.98118867 0.68165291
vt 0.98118867 0.68165291
vt 0.98118867 0.68165291
vt 0.98118867 0.69130976
vt 0.98118867 0.69130976
vt 0.98118867 0.69130976
vt 0.98118867 0.72336206
vt 0.98118867 0.72336206
vt 0.98118867 0.72336206
vt 0.98118867 0.75461653
vt 0.98118867 0.75461653
vt 0.98118867 0.75461653
vt 0.98118867 0.61834615
vt 0.98118867 0.61834615
vt 0.98118867 0.61834615
vt 0.98118867 0.61834615
vt 0.98118867 0.65039845
vt 0.98118867 0.65039845
vt 0.98118867 0.65039845
vt 0.98118867 0.68165291
vt 0.98118867 0.68165291
vt 0.98466635 0.69130976
vt 0.98466635 0.72288861
vt 0.98466635 0.75390682
vt 0.98466635 0.61834615
vt 0.98466635 0.61834615
vt 0.98466635 0.61834615
vt 0.98466635 0.61834615
vt 0.98466635 0.61834615
vt 0.98466635 0.64992500
vt 0.98466635 0.64992500
vt 0.98466635 0.64992500
vt 0.98466635 0.64992500
vt 0.98466635 0.68094321
vt 0.98466635 0.68094321
vt 0.98466635 0.68094321
vt 0.98466635 0.68094321
vt 0.98466635 0.68094321
vt 0.98466635 0.69130976
vt 0.98466635 0.69130976
vt 0.98466635 0.72288861
vt 0.98466635 0.72288861
vt 0.98466635 0.72288861
vt 0.98466635 0.75390682
vt 0.98466635 0.75390682
vt 0.98466635 0.75390682
vt 0.98850680 0.61834615
vt 0.98850680 0.61834615
vt 0.98850680 0.61834615
vt 0.98850680 0.61834615
vt 0.98850680 0.61834615
vt 0.98850680 0.64945168
vt 0.98850680 0.64945168
vt 0.98850680 0.64945168
vt 0.98850680 0.64945168
vt 0.98850680 0.67976809
vt 0.98850680 0.67976809
vt 0.98850680 0.67976809
vt 0.98850680 0.67976809
vt 0.98850680 0.69130976
vt 0.98850680 0.72241529
vt 0.98850680 0.75273171
vt 0.98850680 0.61834615
vt 0.98850680 0.61834615
vt 0.98850680 0.64945168
vt 0.98850680 0.64945168
vt 0.98850680 0.67976809
vt 0.98850680 0.67976809
vt 0.98850680 0.69130976
vt 0.98850680 0.69130976
vt 0.98850680 0.72241529
vt 0.98850680 0.72241529
vt 0.98850680 0.75273171
vt 0.98850680 0.75273171
vt 0.98850680 0.69130976
vt 0.98850680 0.72241529
vt 0.98850680 0.75273171
vn 0.89453653 0.37729689 -0.23969034
vn 0.80201951 0.37729689 -0.46304618
vn 0.65484619 0.37729689 -0.65484619
vn 0.46304618 0.37729689 -0.80201951
vn 0.23969034 0.37729689 -0.89453653
vn -4.9630968e-16 0.37729689 -0.92609236
vn -0.23969034 0.37729689 -0.89453653
vn -0.46304618 0.37729689 -0.80201951
vn -0.65484619 0.37729689 -0.65484619
vn -0.80201951 0.37729689 -0.46304618
vn -0.89453653 0.37729689 -0.23969034
vn -0.92609236 0.37729689 8.2135757e-16
vn -0.89453653 0.37729689 0.23969034
vn -0.80201951 0.37729689 0.46304618
vn -0.65484619 0.37729689 0.65484619
vn -0.46304618 0.37729689 0.80201951
vn -0.23969034 0.37729689 0.89453653
vn 6.6407633e-16 0.37729689 0.92609236
vn 0.23969034 0.37729689 0.89453653
vn 0.46304618 0.37729689 0.80201951
vn 0.65484619 0.37729689 0.65484619
vn 0.80201951 0.37729689 0.46304618
vn 0.89453653 0.37729689 0.23969034
vn 0.92609236 0.37729689 -6.2562981e-16
vn 0.14438527 -0.92609236 -0.34857687
vn 0.35440020 0.37729689 -0.85559778
vn -0.92387953 3.4174052e-15 -0.38268343
vn 0.14438527 -0.92609236 -0.34857687
vn -0.92387953 3.4174052e-15 -0.38268343
vn -0.14438527 0.92609236 0.34857687
vn 0.35440020 0.37729689 -0.85559778
vn -0.92387953 3.4174052e-15 -0.38268343
vn -0.14438527 0.92609236 0.34857687
vn -0.92387953 3.4174052e-15 -0.38268343
vn 0.14438527 -0.92609236 -0.34857687
vn 0.35440020 0.37729689 -0.85559778
vn 0.92387953 -3.8857806e-15 0.38268343
vn 0.14438527 -0.92609236 -0.34857687
vn 0.92387953 -3.8857806e-15 0.38268343
vn -0.14438527 0.92609236 0.34857687
vn 0.35440020 0.37729689 -0.85559778
vn 0.92387953 -3.8857806e-15 0.38268343
vn -0.14438527 0.92609236 0.34857687
vn 0.92387953 -3.8857806e-15 0.38268343
vn 0.0000000e+0 -1.00000000 0.0000000e+0
vn -0.38268343 0.0000000e+0 0.92387953
vn -0.92387953 0.0000000e+0 -0.38268343
vn 0.0000000e+0 -1.00000000 0.0000000e+0
vn 0.38268343 0.0000000e+0 -0.92387953
vn -0.92387953 0.0000000e+0 -0.38268343
vn 0.0000000e+0 1.00000000 0.0000000e+0
vn -0.38268343 0.0000000e+0 0.92387953
vn -0.92387953 0.0000000e+0 -0.38268343
vn 0.0000000e+0 1.00000000 0.0000000e+0
vn 0.38268343 0.0000000e+0 -0.92387953
vn -0.92387953 0.0000000e+0 -0.38268343
vn 0.0000000e+0 -1.00000000 0.0000000e+0
vn -0.38268343 0.0000000e+0 0.92387953
vn 0.92387953 0.0000000e+0 0.38268343
vn 0.0000000e+0 -1.00000000 0.0000000e+0
vn 0.38268343 0.0000000e+0 -0.92387953
vn 0.92387953 0.0000000e+0 0.38268343
vn 0.0000000e+0 1.00000000 0.0000000e+0
vn -0.38268343 0.0000000e+0 0.92387953
vn 0.92387953 0.0000000e+0 0.38268343
vn 0.0000000e+0 1.00000000 0.0000000e+0
vn 0.38268343 0.0000000e+0 -0.92387953
vn 0.92387953 0.0000000e+0 0.38268343
vn 0.0000000e+0 -1.00000000 0.0000000e+0
vn -0.38268343 0.0000000e+0 -0.92387953
vn -0.92387953 0.0000000e+0 0.38268343
vn 0.0000000e+0 -1.00000000 0.0000000e+0
vn 0.38268343 0.0000000e+0 0.92387953
vn -0.92387953 0.0000000e+0 0.38268343
vn 0.0000000e+0 1.00000000 0.0000000e+0
vn -0.38268343 0.0000000e+0 -0.92387953
vn -0.92387953 0.0000000e+0 0.38268343
vn 0.0000000e+0 1.00000000 0.0000000e+0
vn 0.38268343 0.0000000e+0 0.92387953
vn -0.92387953 0.0000000e+0 0.38268343
vn 0.0000000e+0 -1.00000000 0.0000000e+0
vn -0.38268343 0.0000000e+0 -0.92387953
vn 0.92387953 0.0000000e+0 -0.38268343
vn 0.0000000e+0 -1.00000000 0.0000000e+0
vn 0.38268343 0.0000000e+0 0.92387953
vn 0.92387953 0.0000000e+0 -0.38268343
vn 0.0000000e+0 1.00000000 0.0000000e+0
vn -0.38268343 0.0000000e+0 -0.92387953
vn 0.92387953 0.0000000e+0 -0.38268343
vn 0.0000000e+0 1.00000000 0.0000000e+0
vn 0.38268343 0.0000000e+0 0.92387953
vn 0.92387953 0.0000000e+0 -0.38268343
vn 0.0000000e+0 -1.00000000 0.0000000e+0
vn 0.38268343 0.0000000e+0 0.92387953
vn 0.92387953 0.0000000e+0 -0.38268343
vn 0.0000000e+0 -1.00000000 0.0000000e+0
vn -0.38268343 0.0000000e+0 -0.92387953
vn 0.92387953 0.0000000e+0 -0.38268343
vn 0.0000000e+0 1.00000000 0.0000000e+0
vn 0.38268343 0.0000000e+0 0.92387953
vn 0.92387953 0.0000000e+0 -0.38268343
vn 0.0000000e+0 1.00000000 0.0000000e+0
vn -0.38268343 0.0000000e+0 -0.92387953
vn 0.92387953 0.0000000e+0 -0.38268343
vn 0.0000000e+0 -1.00000000 0.0000000e+0
vn 0.38268343 0.0000000e+0 0.92387953
vn -0.92387953 0.0000000e+0 0.38268343
vn 0.0000000e+0 -1.00000000 0.0000000e+0
vn -0.38268343 0.0000000e+0 -0.92387953
vn -0.92387953 0.0000000e+0 0.38268343
vn 0.0000000e+0 1.00000000 0.0000000e+0
vn 0.38268343 0.0000000e+0 0.92387953
vn -0.92387953 0.0000000e+0 0.38268343
vn 0.0000000e+0 1.00000000 0.0000000e+0
vn -0.38268343 0.0000000e+0 -0.92387953
vn -0.92387953 0.0000000e+0 0.38268343
vn 0.0000000e+0 -1.00000000 0.0000000e+0
vn 0.38268343 0.0000000e+0 -0.92387953
vn 0.92387953 0.0000000e+0 0.38268343
vn 0.0000000e+0 -1.00000000 0.0000000e+0
vn -0.38268343 0.0000000e+0 0.92387953
vn 0.92387953 0.0000000e+0 0.38268343
vn 0.0000000e+0 1.00000000 0.0000000e+0
vn 0.38268343 0.0000000e+0 -0.92387953
vn 0.92387953 0.0000000e+0 0.38268343
vn 0.0000000e+0 1.00000000 0.0000000e+0
vn -0.38268343 0.0000000e+0 0.92387953
vn 0.92387953 0.0000000e+0 0.38268343
vn 0.0000000e+0 -1.00000000 0.0000000e+0
vn 0.38268343 0.0000000e+0 -0.92387953
vn -0.92387953 0.0000000e+0 -0.38268343
vn 0.0000000e+0 -1.00000000 0.0000000e+0
vn -0.38268343 0.0000000e+0 0.92387953
vn -0.92387953 0.0000000e+0 -0.38268343
vn 0.0000000e+0 1.00000000 0.0000000e+0
vn 0.38268343 0.0000000e+0 -0.92387953
vn -0.92387953 0.0000000e+0 -0.38268343
vn 0.0000000e+0 1.00000000 0.0000000e+0
vn -0.38268343 0.0000000e+0 0.92387953
vn -0.92387953 0.0000000e+0 -0.38268343
vn 0.92609236 0.37729689 -5.8718329e-16
vn 0.92609236 0.37729689 -5.8718329e-16
vn 1.00000000 0.0000000e+0 -6.7188186e-16
vn 1.00000000 0.0000000e+0 -6.7188186e-16
vn 0.89453653 0.37729689 0.23969034
vn 0.89453653 0.37729689 0.23969034
vn 0.96592583 0.0000000e+0 0.25881905
vn 0.96592583 0.0000000e+0 0.25881905
vn 0.80201951 0.37729689 0.46304618
vn 0.80201951 0.37729689 0.46304618
vn 0.86602540 0.0000000e+0 0.50000000
vn 0.86602540 0.0000000e+0 0.50000000
vn 0.65484619 0.37729689 0.65484619
vn 0.65484619 0.37729689 0.65484619
vn 0.70710678 0.0000000e+0 0.70710678
vn 0.70710678 0.0000000e+0 0.70710678
vn 0.46304618 0.37729689 0.80201951
vn 0.46304618 0.37729689 0.80201951
vn 0.50000000 0.0000000e+0 0.86602540
vn 0.50000000 0.0000000e+0 0.86602540
vn 0.23969034 0.37729689 0.89453653
vn 0.23969034 0.37729689 0.89453653
vn 0.25881905 0.0000000e+0 0.96592583
vn 0.25881905 0.0000000e+0 0.96592583
vn 5.2427079e-16 0.37729689 0.92609236
vn 5.2427079e-16 0.37729689 0.92609236
vn 4.4792124e-16 0.0000000e+0 1.00000000
vn 4.4792124e-16 0.0000000e+0 1.00000000
vn -0.23969034 0.37729689 0.89453653
vn -0.23969034 0.37729689 0.89453653
vn -0.25881905 0.0000000e+0 0.96592583
vn -0.25881905 0.0000000e+0 0.96592583
vn -0.46304618 0.37729689 0.80201951
vn -0.46304618 0.37729689 0.80201951
vn -0.50000000 0.0000000e+0 0.86602540
vn -0.50000000 0.0000000e+0 0.86602540
vn -0.65484619 0.37729689 0.65484619
vn -0.65484619 0.37729689 0.65484619
vn -0.70710678 0.0000000e+0 0.70710678
vn -0.70710678 0.0000000e+0 0.70710678
vn -0.80201951 0.37729689 0.46304618
vn -0.80201951 0.37729689 0.46304618
vn -0.86602540 0.0000000e+0 0.50000000
vn -0.86602540 0.0000000e+0 0.50000000
vn -0.89453653 0.37729689 0.23969034
vn -0.89453653 0.37729689 0.23969034
vn -0.96592583 0.0000000e+0 0.25881905
vn -0.96592583 0.0000000e+0 0.25881905
vn -0.92609236 0.37729689 1.0765027e-15
vn -0.92609236 0.37729689 1.0765027e-15
vn -1.00000000 0.0000000e+0 7.9785971e-16
vn -1.00000000 0.0000000e+0 7.9785971e-16
vn -0.89453653 0.37729689 -0.23969034
vn -0.89453653 0.37729689 -0.23969034
vn -0.96592583 0.0000000e+0 -0.25881905
vn -0.96592583 0.0000000e+0 -0.25881905
vn -0.80201951 0.37729689 -0.46304618
vn -0.80201951 0.37729689 -0.46304618
vn -0.86602540 0.0000000e+0 -0.50000000
vn -0.86602540 0.0000000e+0 -0.50000000
vn -0.65484619 0.37729689 -0.65484619
vn -0.65484619 0.37729689 -0.65484619
vn -0.70710678 0.0000000e+0 -0.70710678
vn -0.70710678 0.0000000e+0 -0.70710678
vn -0.46304618 0.37729689 -0.80201951
vn -0.46304618 0.37729689 -0.80201951
vn -0.50000000 0.0000000e+0 -0.86602540
vn -0.50000000 0.0000000e+0 -0.86602540
vn -0.23969034 0.37729689 -0.89453653
vn -0.23969034 0.37729689 -0.89453653
vn -0.25881905 0.0000000e+0 -0.96592583
vn -0.25881905 0.0000000e+0 -0.96592583
vn -3.4951386e-16 0.37729689 -0.92609236
vn -3.4951386e-16 0.37729689 -0.92609236
vn -2.9394831e-16 0.0000000e+0 -1.00000000
vn -2.9394831e-16 0.0000000e+0 -1.00000000
vn 0.23969034 0.37729689 -0.89453653
vn 0.23969034 0.37729689 -0.89453653
vn 0.25881905 0.0000000e+0 -0.96592583
vn 0.25881905 0.0000000e+0 -0.96592583
vn 0.46304618 0.37729689 -0.80201951
vn 0.46304618 0.37729689 -0.80201951
vn 0.50000000 0.0000000e+0 -0.86602540
vn 0.50000000 0.0000000e+0 -0.86602540
vn 0.65484619 0.37729689 -0.65484619
vn 0.65484619 0.37729689 -0.65484619
vn 0.70710678 0.0000000e+0 -0.70710678
vn 0.70710678 0.0000000e+0 -0.70710678
vn 0.80201951 0.37729689 -0.46304618
vn 0.80201951 0.37729689 -0.46304618
vn 0.86602540 0.0000000e+0 -0.50000000
vn 0.86602540 0.0000000e+0 -0.50000000
vn 0.89453653 0.37729689 -0.23969034
vn 0.89453653 0.37729689 -0.23969034
vn 0.96592583 0.0000000e+0 -0.25881905
vn 0.96592583 0.0000000e+0 -0.25881905
vn 1.00000000 0.0000000e+0 -1.2597785e-16
vn 1.00000000 0.0000000e+0 -1.2597785e-16
vn 0.0000000e+0 1.00000000 0.0000000e+0
vn 0.0000000e+0 1.00000000 0.0000000e+0
vn 0.96592583 0.0000000e+0 0.25881905
vn 0.96592583 0.0000000e+0 0.25881905
vn 0.0000000e+0 1.00000000 0.0000000e+0
vn 0.0000000e+0 1.00000000 0.0000000e+0
vn 0.86602540 0.0000000e+0 0.50000000
vn 0.86602540 0.0000000e+0 0.50000000
vn 0.0000000e+0 1.00000000 0.0000000e+0
vn 0.0000000e+0 1.00000000 0.0000000e+0
vn 0.70710678 0.0000000e+0 0.70710678
vn 0.70710678 0.0000000e+0 0.70710678
vn 0.0000000e+0 1.00000000 0.0000000e+0
vn 0.0000000e+0 1.00000000 0.0000000e+0
vn 0.50000000 0.0000000e+0 0.86602540
vn 0.50000000 0.0000000e+0 0.86602540
vn 0.0000000e+0 1.00000000 0.0000000e+0
vn 0.0000000e+0 1.00000000 0.0000000e+0
vn 0.25881905 0.0000000e+0 0.96592583
vn 0.25881905 0.0000000e+0 0.96592583
vn 0.0000000e+0 1.00000000 0.0000000e+0
vn 0.0000000e+0 1.00000000 0.0000000e+0
vn 2.3795816e-16 0.0000000e+0 1.00000000
vn 2.3795816e-16 0.0000000e+0 1.00000000
vn 0.0000000e+0 1.00000000 0.0000000e+0
vn 0.0000000e+0 1.00000000 0.0000000e+0
vn -0.25881905 0.0000000e+0 0.96592583
vn -0.25881905 0.0000000e+0 0.96592583
vn 0.0000000e+0 1.00000000 0.0000000e+0
vn 0.0000000e+0 1.00000000 0.0000000e+0
vn -0.50000000 0.0000000e+0 0.86602540
vn -0.50000000 0.0000000e+0 0.86602540
vn 0.0000000e+0 1.00000000 0.0000000e+0
vn 0.0000000e+0 1.00000000 0.0000000e+0
vn -0.70710678 0.0000000e+0 0.70710678
vn -0.70710678 0.0000000e+0 0.70710678
vn 0.0000000e+0 1.00000000 0.0000000e+0
vn 0.0000000e+0 1.00000000 0.0000000e+0
vn -0.86602540 0.0000000e+0 0.50000000
vn -0.86602540 0.0000000e+0 0.50000000
vn 0.0000000e+0 1.00000000 0.0000000e+0
vn 0.0000000e+0 1.00000000 0.0000000e+0
vn -0.96592583 0.0000000e+0 0.25881905
vn -0.96592583 0.0000000e+0 0.25881905
vn 0.0000000e+0 1.00000000 0.0000000e+0
vn 0.0000000e+0 1.00000000 0.0000000e+0
vn -1.00000000 0.0000000e+0 1.2597785e-15
vn -1.00000000 0.0000000e+0 1.2597785e-15
vn 0.0000000e+0 1.00000000 0.0000000e+0
vn 0.0000000e+0 1.00000000 0.0000000e+0
vn -0.96592583 0.0000000e+0 -0.25881905
vn -0.96592583 0.0000000e+0 -0.25881905
vn 0.0000000e+0 1.00000000 0.0000000e+0
vn 0.0000000e+0 1.00000000 0.0000000e+0
vn -0.86602540 0.0000000e+0 -0.50000000
vn -0.86602540 0.0000000e+0 -0.50000000
vn 0.0000000e+0 1.00000000 0.0000000e+0
vn 0.0000000e+0 1.00000000 0.0000000e+0
vn -0.70710678 0.0000000e+0 -0.70710678
vn -0.70710678 0.0000000e+0 -0.70710678
vn 0.0000000e+0 1.00000000 0.0000000e+0
vn 0.0000000e+0 1.00000000 0.0000000e+0
vn -0.50000000 0.0000000e+0 -0.86602540
vn -0.50000000 0.0000000e+0 -0.86602540
vn 0.0000000e+0 1.00000000 0.0000000e+0
vn 0.0000000e+0 1.00000000 0.0000000e+0
vn -0.25881905 0.0000000e+0 -0.96592583
vn -0.25881905 0.0000000e+0 -0.96592583
vn 0.0000000e+0 1.00000000 0.0000000e+0
vn 0.0000000e+0 1.00000000 0.0000000e+0
vn -3.2194339e-16 0.0000000e+0 -1.00000000
vn -3.2194339e-16 0.0000000e+0 -1.00000000
vn 0.0000000e+0 1.00000000 0.0000000e+0
vn 0.0000000e+0 1.00000000 0.0000000e+0
vn 0.25881905 0.0000000e+0 -0.96592583
vn 0.25881905 0.0000000e+0 -0.96592583
vn 0.0000000e+0 1.00000000 0.0000000e+0
vn 0.0000000e+0 1.00000000 0.0000000e+0
vn 0.50000000 0.0000000e+0 -0.86602540
vn 0.50000000 0.0000000e+0 -0.86602540
vn 0.0000000e+0 1.00000000 0.0000000e+0
vn 0.0000000e+0 1.00000000 0.0000000e+0
vn 0.70710678 0.0000000e+0 -0.70710678
vn 0.70710678 0.0000000e+0 -0.70710678
vn 0.0000000e+0 1.00000000 0.0000000e+0
vn 0.0000000e+0 1.00000000 0.0000000e+0
vn 0.86602540 0.0000000e+0 -0.50000000
vn 0.86602540 0.0000000e+0 -0.50000000
vn 0.0000000e+0 1.00000000 0.0000000e+0
vn 0.0000000e+0 1.00000000 0.0000000e+0
vn 0.96592583 0.0000000e+0 -0.25881905
vn 0.96592583 0.0000000e+0 -0.25881905
vn 0.0000000e+0 1.00000000 0.0000000e+0
vn 0.0000000e+0 1.00000000 0.0000000e+0
vn 1.00000000 0.0000000e+0 -1.2597785e-16
vn 1.00000000 0.0000000e+0 -1.2597785e-16
vn 0.96592583 0.0000000e+0 0.25881905
vn 0.96592583 0.0000000e+0 0.25881905
vn 0.86602540 0.0000000e+0 0.50000000
vn 0.86602540 0.0000000e+0 0.50000000
vn 0.70710678 0.0000000e+0 0.70710678
vn 0.70710678 0.0000000e+0 0.70710678
vn 0.50000000 0.0000000e+0 0.86602540
vn 0.50000000 0.0000000e+0 0.86602540
vn 0.25881905 0.0000000e+0 0.96592583
vn 0.25881905 0.0000000e+0 0.96592583
vn 2.3795816e-16 0.0000000e+0 1.00000000
vn 2.3795816e-16 0.0000000e+0 1.00000000
vn -0.25881905 0.0000000e+0 0.96592583
vn -0.25881905 0.0000000e+0 0.96592583
vn -0.50000000 0.0000000e+0 0.86602540
vn -0.50000000 0.0000000e+0 0.86602540
vn -0.70710678 0.0000000e+0 0.70710678
vn -0.70710678 0.0000000e+0 0.70710678
vn -0.86602540 0.0000000e+0 0.50000000
vn -0.86602540 0.0000000e+0 0.50000000
vn -0.96592583 0.0000000e+0 0.25881905
vn -0.96592583 0.0000000e+0 0.25881905
vn -1.00000000 0.0000000e+0 1.2597785e-15
vn -1.00000000 0.0000000e+0 1.2597785e-15
vn -0.96592583 0.0000000e+0 -0.25881905
vn -0.96592583 0.0000000e+0 -0.25881905
vn -0.86602540 0.0000000e+0 -0.50000000
vn -0.86602540 0.0000000e+0 -0.50000000
vn -0.70710678 0.0000000e+0 -0.70710678
vn -0.70710678 0.0000000e+0 -0.70710678
vn -0.50000000 0.0000000e+0 -0.86602540
vn -0.50000000 0.0000000e+0 -0.86602540
vn -0.25881905 0.0000000e+0 -0.96592583
vn -0.25881905 0.0000000e+0 -0.96592583
vn -3.2194339e-16 0.0000000e+0 -1.00000000
vn -3.2194339e-16 0.0000000e+0 -1.00000000
vn 0.25881905 0.0000000e+0 -0.96592583
vn 0.25881905 0.0000000e+0 -0.96592583
vn 0.50000000 0.0000000e+0 -0.86602540
vn 0.50000000 0.0000000e+0 -0.86602540
vn 0.70710678 0.0000000e+0 -0.70710678
vn 0.70710678 0.0000000e+0 -0.70710678
vn 0.86602540 0.0000000e+0 -0.50000000
vn 0.86602540 0.0000000e+0 -0.50000000
vn 0.96592583 0.0000000e+0 -0.25881905
vn 0.96592583 0.0000000e+0 -0.25881905
vn 0.96592583 0.0000000e+0 0.25881905
vn 0.96592583 0.0000000e+0 0.25881905
vn 1.00000000 0.0000000e+0 -6.7188186e-16
vn 1.00000000 0.0000000e+0 -6.7188186e-16
vn 0.96592583 0.0000000e+0 -0.25881905
vn 0.96592583 0.0000000e+0 -0.25881905
vn 0.86602540 0.0000000e+0 -0.50000000
vn 0.86602540 0.0000000e+0 -0.50000000
vn 0.70710678 0.0000000e+0 -0.70710678
vn 0.70710678 0.0000000e+0 -0.70710678
vn 0.50000000 0.0000000e+0 -0.86602540
vn 0.50000000 0.0000000e+0 -0.86602540
vn 0.25881905 0.0000000e+0 -0.96592583
vn 0.25881905 0.0000000e+0 -0.96592583
vn -2.9394831e-16 0.0000000e+0 -1.00000000
vn -2.9394831e-16 0.0000000e+0 -1.00000000
vn -0.25881905 0.0000000e+0 -0.96592583
vn -0.25881905 0.0000000e+0 -0.96592583
vn -0.50000000 0.0000000e+0 -0.86602540
vn -0.50000000 0.0000000e+0 -0.86602540
vn -0.70710678 0.0000000e+0 -0.70710678
vn -0.70710678 0.0000000e+0 -0.70710678
vn -0.86602540 0.0000000e+0 -0.50000000
vn -0.86602540 0.0000000e+0 -0.50000000
vn -0.96592583 0.0000000e+0 -0.25881905
vn -0.96592583 0.0000000e+0 -0.25881905
vn -1.00000000 0.0000000e+0 7.9785971e-16
vn -1.00000000 0.0000000e+0 7.9785971e-16
vn -0.96592583 0.0000000e+0 0.25881905
vn -0.96592583 0.0000000e+0 0.25881905
vn -0.86602540 0.0000000e+0 0.50000000
vn -0.86602540 0.0000000e+0 0.50000000
vn -0.70710678 0.0000000e+0 0.70710678
vn -0.70710678 0.0000000e+0 0.70710678
vn -0.50000000 0.0000000e+0 0.86602540
vn -0.50000000 0.0000000e+0 0.86602540
vn -0.25881905 0.0000000e+0 0.96592583
vn -0.25881905 0.0000000e+0 0.96592583
vn 4.4792124e-16 0.0000000e+0 1.00000000
vn 4.4792124e-16 0.0000000e+0 1.00000000
vn 0.25881905 0.0000000e+0 0.96592583
vn 0.25881905 0.0000000e+0 0.96592583
vn 0.50000000 0.0000000e+0 0.86602540
vn 0.50000000 0.0000000e+0 0.86602540
vn 0.70710678 0.0000000e+0 0.70710678
vn 0.70710678 0.0000000e+0 0.70710678
vn 0.86602540 0.0000000e+0 0.50000000
vn 0.86602540 0.0000000e+0 0.50000000
vn 0.0000000e+0 1.00000000 0.0000000e+0
vn 0.0000000e+0 1.00000000 0.0000000e+0
vn 0.89453653 0.37729689 -0.23969034
vn 0.89453653 0.37729689 -0.23969034
vn 0.0000000e+0 1.00000000 0.0000000e+0
vn 0.0000000e+0 1.00000000 0.0000000e+0
vn 0.80201951 0.37729689 -0.46304618
vn 0.80201951 0.37729689 -0.46304618
vn 0.0000000e+0 1.00000000 0.0000000e+0
vn 0.0000000e+0 1.00000000 0.0000000e+0
vn 0.65484619 0.37729689 -0.65484619
vn 0.65484619 0.37729689 -0.65484619
vn 0.0000000e+0 1.00000000 0.0000000e+0
vn 0.0000000e+0 1.00000000 0.0000000e+0
vn 0.46304618 0.37729689 -0.80201951
vn 0.46304618 0.37729689 -0.80201951
vn 0.0000000e+0 1.00000000 0.0000000e+0
vn 0.0000000e+0 1.00000000 0.0000000e+0
vn 0.23969034 0.37729689 -0.89453653
vn 0.23969034 0.37729689 -0.89453653
vn 0.0000000e+0 1.00000000 0.0000000e+0
vn 0.0000000e+0 1.00000000 0.0000000e+0
vn -6.4310550e-16 0.37729689 -0.92609236
vn -6.4310550e-16 0.37729689 -0.92609236
vn 0.0000000e+0 1.00000000 0.0000000e+0
vn 0.0000000e+0 1.00000000 0.0000000e+0
vn -0.23969034 0.37729689 -0.89453653
vn -0.23969034 0.37729689 -0.89453653
vn 0.0000000e+0 1.00000000 0.0000000e+0
vn 0.0000000e+0 1.00000000 0.0000000e+0
vn -0.46304618 0.37729689 -0.80201951
vn -0.46304618 0.37729689 -0.80201951
vn 0.0000000e+0 1.00000000 0.0000000e+0
vn 0.0000000e+0 1.00000000 0.0000000e+0
vn -0.65484619 0.37729689 -0.65484619
vn -0.65484619 0.37729689 -0.65484619
vn 0.0000000e+0 1.00000000 0.0000000e+0
vn 0.0000000e+0 1.00000000 0.0000000e+0
vn -0.80201951 0.37729689 -0.46304618
vn -0.80201951 0.37729689 -0.46304618
vn 0.0000000e+0 1.00000000 0.0000000e+0
vn 0.0000000e+0 1.00000000 0.0000000e+0
vn -0.89453653 0.37729689 -0.23969034
vn -0.89453653 0.37729689 -0.23969034
vn 0.0000000e+0 1.00000000 0.0000000e+0
vn 0.0000000e+0 1.00000000 0.0000000e+0
vn -0.92609236 0.37729689 5.6621245e-16
vn -0.92609236 0.37729689 5.6621245e-16
vn 0.0000000e+0 1.00000000 0.0000000e+0
vn 0.0000000e+0 1.00000000 0.0000000e+0
vn -0.89453653 0.37729689 0.23969034
vn -0.89453653 0.37729689 0.23969034
vn 0.0000000e+0 1.00000000 0.0000000e+0
vn 0.0000000e+0 1.00000000 0.0000000e+0
vn -0.80201951 0.37729689 0.46304618
vn -0.80201951 0.37729689 0.46304618
vn 0.0000000e+0 1.00000000 0.0000000e+0
vn 0.0000000e+0 1.00000000 0.0000000e+0
vn -0.65484619 0.37729689 0.65484619
vn -0.65484619 0.37729689 0.65484619
vn 0.0000000e+0 1.00000000 0.0000000e+0
vn 0.0000000e+0 1.00000000 0.0000000e+0
vn -0.46304618 0.37729689 0.80201951
vn -0.46304618 0.37729689 0.80201951
vn 0.0000000e+0 1.00000000 0.0000000e+0
vn 0.0000000e+0 1.00000000 0.0000000e+0
vn -0.23969034 0.37729689 0.89453653
vn -0.23969034 0.37729689 0.89453653
vn 0.0000000e+0 1.00000000 0.0000000e+0
vn 0.0000000e+0 1.00000000 0.0000000e+0
vn 8.0388188e-16 0.37729689 0.92609236
vn 8.0388188e-16 0.37729689 0.92609236
vn 0.0000000e+0 1.00000000 0.0000000e+0
vn 0.0000000e+0 1.00000000 0.0000000e+0
vn 0.23969034 0.37729689 0.89453653
vn 0.23969034 0.37729689 0.89453653
vn 0.0000000e+0 1.00000000 0.0000000e+0
vn 0.0000000e+0 1.00000000 0.0000000e+0
vn 0.46304618 0.37729689 0.80201951
vn 0.46304618 0.37729689 0.80201951
vn 0.0000000e+0 1.00000000 0.0000000e+0
vn 0.0000000e+0 1.00000000 0.0000000e+0
vn 0.65484619 0.37729689 0.65484619
vn 0.65484619 0.37729689 0.65484619
vn 0.0000000e+0 1.00000000 0.0000000e+0
vn 0.0000000e+0 1.00000000 0.0000000e+0
vn 0.80201951 0.37729689 0.46304618
vn 0.80201951 0.37729689 0.46304618
vn 0.0000000e+0 1.00000000 0.0000000e+0
vn 0.0000000e+0 1.00000000 0.0000000e+0
vn 0.89453653 0.37729689 0.23969034
vn 0.89453653 0.37729689 0.23969034
vn 0.0000000e+0 1.00000000 0.0000000e+0
vn 0.0000000e+0 1.00000000 0.0000000e+0
vn 0.92609236 0.37729689 -6.6407633e-16
vn 0.92609236 0.37729689 -6.6407633e-16
vn -0.22968379 -0.92609236 0.29932975
vn -0.56376931 0.37729689 0.73471847
vn 0.79335334 1.4398205e-15 0.60876143
vn -0.22968379 -0.92609236 0.29932975
vn 0.79335334 1.4398205e-15 0.60876143
vn 0.22968379 0.92609236 -0.29932975
vn -0.56376931 0.37729689 0.73471847
vn 0.79335334 1.4398205e-15 0.60876143
vn 0.22968379 0.92609236 -0.29932975
vn 0.79335334 1.4398205e-15 0.60876143
vn -0.22968379 -0.92609236 0.29932975
vn -0.56376931 0.37729689 0.73471847
vn -0.79335334 2.0816682e-15 -0.60876143
vn -0.22968379 -0.92609236 0.29932975
vn -0.79335334 2.0816682e-15 -0.60876143
vn 0.22968379 0.92609236 -0.29932975
vn -0.56376931 0.37729689 0.73471847
vn -0.79335334 2.0816682e-15 -0.60876143
vn 0.22968379 0.92609236 -0.29932975
vn -0.79335334 2.0816682e-15 -0.60876143
vn -0.14438527 -0.92609236 0.34857687
vn -0.35440020 0.37729689 0.85559778
vn 0.92387953 -1.1969592e-15 0.38268343
vn -0.14438527 -0.92609236 0.34857687
vn 0.92387953 -1.1969592e-15 0.38268343
vn 0.14438527 0.92609236 -0.34857687
vn -0.35440020 0.37729689 0.85559778
vn 0.92387953 -1.1969592e-15 0.38268343
vn 0.14438527 0.92609236 -0.34857687
vn 0.92387953 -1.1969592e-15 0.38268343
vn -0.14438527 -0.92609236 0.34857687
vn -0.35440020 0.37729689 0.85559778
vn -0.92387953 7.2858386e-16 -0.38268343
vn -0.14438527 -0.92609236 0.34857687
vn -0.92387953 7.2858386e-16 -0.38268343
vn 0.14438527 0.92609236 -0.34857687
vn -0.35440020 0.37729689 0.85559778
vn -0.92387953 7.2858386e-16 -0.38268343
vn 0.14438527 0.92609236 -0.34857687
vn -0.92387953 7.2858386e-16 -0.38268343
vn 0.22968379 -0.92609236 -0.29932975
vn 0.56376931 0.37729689 -0.73471847
vn -0.79335334 -3.8684334e-15 -0.60876143
vn 0.22968379 -0.92609236 -0.29932975
vn -0.79335334 -3.8684334e-15 -0.60876143
vn -0.22968379 0.92609236 0.29932975
vn 0.56376931 0.37729689 -0.73471847
vn -0.79335334 -3.8684334e-15 -0.60876143
vn -0.22968379 0.92609236 0.29932975
vn -0.79335334 -3.8684334e-15 -0.60876143
vn 0.22968379 -0.92609236 -0.29932975
vn 0.56376931 0.37729689 -0.73471847
vn 0.79335334 -3.2265857e-15 0.60876143
vn 0.22968379 -0.92609236 -0.29932975
vn 0.79335334 -3.2265857e-15 0.60876143
vn -0.22968379 0.92609236 0.29932975
vn 0.56376931 0.37729689 -0.73471847
vn 0.79335334 -3.2265857e-15 0.60876143
vn -0.22968379 0.92609236 0.29932975
vn 0.79335334 -3.2265857e-15 0.60876143
g 1_1_auv
usemtl 1_auv
s 1
f 3/53/31 7/18/41 5/20/36 1/55/26
f 10/77/48 14/75/60 13/71/57 9/73/45
f 11/72/51 15/74/63 16/78/66 12/76/54
f 17/73/69 21/71/81 22/75/84 18/77/72
f 20/76/78 24/78/90 23/74/87 19/72/75
f 26/77/98 28/76/104 27/72/101 25/73/95
f 29/90/107 31/89/113 32/86/116 30/85/110
f 34/77/120 38/75/132 37/71/129 33/73/117
f 35/72/123 39/74/135 40/78/138 36/76/126
f 41/68/141 208/65/24 185/84/1 64/82/233
f 42/16/146 207/11/23 208/65/24 41/68/142
f 43/5/150 206/3/22 207/11/23 42/16/145
f 44/166/154 205/168/21 206/176/22 43/174/149
f 45/161/158 204/160/20 205/168/21 44/166/153
f 46/152/162 203/150/19 204/160/20 45/161/157
f 47/144/166 202/142/18 203/150/19 46/152/161
f 48/126/170 201/128/17 202/136/18 47/134/165
f 49/117/174 200/116/16 201/128/17 48/126/169
f 50/112/178 199/110/15 200/116/16 49/117/173
f 51/104/182 198/102/14 199/110/15 50/112/177
f 52/81/186 197/83/13 198/95/14 51/93/181
f 53/67/190 196/64/12 197/83/13 52/81/185
f 54/17/194 195/10/11 196/64/12 53/67/189
f 55/6/198 194/4/10 195/10/11 54/17/193
f 56/165/202 193/167/9 194/175/10 55/173/197
f 57/156/206 192/158/8 193/167/9 56/165/201
f 58/151/210 191/149/7 192/158/8 57/156/205
f 59/143/214 190/141/6 191/149/7 58/151/209
f 60/125/218 189/127/5 190/135/6 59/133/213
f 61/121/222 188/120/4 189/127/5 60/125/217
f 62/111/226 187/109/3 188/120/4 61/121/221
f 63/103/230 186/101/2 187/109/3 62/111/225
f 64/82/234 185/84/1 186/96/2 63/94/229
f 137/88/431 185/84/1 208/65/24 160/63/523
f 138/98/435 186/96/2 185/84/1 137/88/432
f 139/107/439 187/109/3 186/101/2 138/99/436
f 140/119/443 188/120/4 187/109/3 139/107/440
f 141/130/447 189/127/5 188/120/4 140/119/444
f 142/137/451 190/135/6 189/127/5 141/130/448
f 143/147/455 191/149/7 190/141/6 142/139/452
f 144/157/459 192/158/8 191/149/7 143/147/456
f 145/169/463 193/167/9 192/158/8 144/157/460
f 146/177/467 194/175/10 193/167/9 145/169/464
f 147/9/471 195/10/11 194/4/10 146/2/468
f 148/66/475 196/64/12 195/10/11 147/9/472
f 149/87/479 197/83/13 196/64/12 148/66/476
f 150/97/483 198/95/14 197/83/13 149/87/480
f 151/108/487 199/110/15 198/102/14 150/100/484
f 152/118/491 200/116/16 199/110/15 151/108/488
f 153/129/495 201/128/17 200/116/16 152/118/492
f 154/138/499 202/136/18 201/128/17 153/129/496
f 155/148/503 203/150/19 202/142/18 154/140/500
f 156/159/507 204/160/20 203/150/19 155/148/504
f 157/170/511 205/168/21 204/160/20 156/159/508
f 158/178/515 206/176/22 205/168/21 157/170/512
f 159/9/519 207/11/23 206/3/22 158/1/516
f 160/63/524 208/65/24 207/11/23 159/9/520
f 161/32/525 165/38/535 166/42/538 162/36/528
f 164/33/533 168/39/543 167/41/540 163/31/530
f 170/57/549 172/58/554 171/51/552 169/50/547
f 173/25/557 175/22/562 176/14/564 174/15/559
f 177/35/565 181/38/575 182/44/578 178/36/568
f 180/37/573 184/40/583 183/43/580 179/34/570
s 2
f 1/55/25 5/20/35 6/19/38 2/54/28
f 4/56/33 8/21/43 7/18/40 3/53/30
