# Exported from Wings 3D 1.5.4
mtllib eridani_rcs_roll_1.mtl
o mesh1
#34 vertices, 21 faces
v -1.0000000e-1 -0.15000000 2.5000000e-2
v -0.12500000 -0.12500000 2.5000000e-2
v -0.12500000 0.12500000 2.5000000e-2
v -1.0000000e-1 0.15000000 2.5000000e-2
v 1.0000000e-1 -0.15000000 2.5000000e-2
v 0.12500000 -0.12500000 2.5000000e-2
v 0.12500000 0.12500000 2.5000000e-2
v 1.0000000e-1 0.15000000 2.5000000e-2
v -0.11691942 0.14191942 2.5000000e-2
v 0.11691942 0.14191942 2.5000000e-2
v -0.11691942 -0.14191942 2.5000000e-2
v 0.11691942 -0.14191942 2.5000000e-2
v 0.11691942 -0.14191942 -2.2107267e-2
v 0.11691942 0.14191942 -2.2107267e-2
v 1.0000000e-1 -0.15000000 -2.4334750e-2
v 1.0000000e-1 0.15000000 -2.4334750e-2
v 0.12500000 0.12500000 -2.1043438e-2
v 0.12500000 -0.12500000 -2.1043438e-2
v 6.3837824e-16 0.15000000 -3.7500000e-2
v 6.3837824e-16 -0.15000000 -3.7500000e-2
v -0.11691942 -0.14191942 -2.2107267e-2
v -0.11691942 0.14191942 -2.2107267e-2
v -1.0000000e-1 0.15000000 -2.4334750e-2
v -0.12500000 -0.12500000 -2.1043438e-2
v -1.0000000e-1 -0.15000000 -2.4334750e-2
v -0.12500000 0.12500000 -2.1043438e-2
v 6.0947446e-16 0.15000000 -0.11250000
v 6.8663382e-16 -0.15000000 -0.11250000
v -8.6370951e-2 -0.15000000 -2.6129049e-2
v -8.6370951e-2 0.15000000 -2.6129049e-2
v 6.5225603e-16 -0.15000000 -3.7500000e-2
v 6.5225603e-16 0.15000000 -3.7500000e-2
v 8.6370951e-2 0.15000000 -2.6129049e-2
v 8.6370951e-2 -0.15000000 -2.6129049e-2
vt 8.5618528e-2 0.15333743
vt 8.5618528e-2 0.15333743
vt 8.5692122e-2 0.19021875
vt 8.5692122e-2 0.19021875
vt 0.10029832 0.15330813
vt 0.10029832 0.15330813
vt 0.10037539 0.19193340
vt 0.10037539 0.19193340
vt 0.10536720 0.27774079
vt 0.10536720 0.31420574
vt 0.10578365 0.27774079
vt 0.10578365 0.31420574
vt 0.12004702 0.27774079
vt 0.12004702 0.31420574
vt 0.12046347 0.27774079
vt 0.12046347 0.31420574
vt 0.17868818 0.20208454
vt 0.17868818 0.20208454
vt 0.23748558 0.27774079
vt 0.23748558 0.31420574
vt 0.23790203 0.27774079
vt 0.23790203 0.31420574
vt 0.25216540 0.27774079
vt 0.25216540 0.31420574
vt 0.25258185 0.27774079
vt 0.25258185 0.31420574
vt 0.25688275 0.15299568
vt 0.25688275 0.15299568
vt 0.25695983 0.19162095
vt 0.27156255 0.15296639
vt 0.27156255 0.15296639
vt 0.27163614 0.18984771
vt 0.35179377 0.58765158
vt 0.35179377 0.70500299
vt 0.35179377 0.90177681
vt 0.35179377 0.39518604
vt 0.35812025 0.69175638
vt 0.35812025 0.91502342
vt 0.35817484 0.38193942
vt 0.35817484 0.60089819
vt 0.37136686 0.68542990
vt 0.37136686 0.92134990
vt 0.37153576 0.37561294
vt 0.37153576 0.60722467
vt 0.45050371 0.37561294
vt 0.45050371 0.60722467
vt 0.52787989 0.37561294
vt 0.52787989 0.60722467
vt 0.52795161 0.68542990
vt 0.52795161 0.92134990
vt 0.54119822 0.69175638
vt 0.54119822 0.91502342
vt 0.54124080 0.60089819
vt 0.54124080 0.38193942
vt 0.54752470 0.70500299
vt 0.54752470 0.90177681
vt 0.54762187 0.39518604
vt 0.54762187 0.58765158
vt 0.63348930 0.68453188
vt 0.63348930 0.91956114
vt 0.66151734 0.53489140
vt 0.66151734 0.53489140
vt 0.72918300 0.54379975
vt 0.72918300 0.54379975
vt 0.72918300 0.60255707
vt 0.72918300 0.68453188
vt 0.72918300 0.91956114
vt 0.79684867 0.53489140
vt 0.82487671 0.68453188
vt 0.82487671 0.91956114
vn 3.2135313e-16 -1.00000000 -2.6779428e-16
vn -3.2135313e-16 1.00000000 2.6779428e-16
vn 3.6533690e-19 0.0000000e+0 1.00000000
vn -0.22094238 -0.97528686 0.0000000e+0
vn -0.22094238 -0.97528686 0.0000000e+0
vn 3.6533690e-19 0.0000000e+0 1.00000000
vn -0.97528686 -0.22094238 0.0000000e+0
vn -0.97528686 -0.22094238 0.0000000e+0
vn 3.6533690e-19 0.0000000e+0 1.00000000
vn -0.97528686 0.22094238 0.0000000e+0
vn -0.97528686 0.22094238 0.0000000e+0
vn 3.6533690e-19 0.0000000e+0 1.00000000
vn -0.22094238 0.97528686 0.0000000e+0
vn -0.22094238 0.97528686 0.0000000e+0
vn 3.6533690e-19 0.0000000e+0 1.00000000
vn 0.22094238 -0.97528686 0.0000000e+0
vn 0.22094238 -0.97528686 0.0000000e+0
vn 3.6533690e-19 0.0000000e+0 1.00000000
vn 0.97528686 -0.22094238 0.0000000e+0
vn 0.97528686 -0.22094238 0.0000000e+0
vn 3.6533690e-19 0.0000000e+0 1.00000000
vn 0.97528686 0.22094238 0.0000000e+0
vn 0.97528686 0.22094238 0.0000000e+0
vn 3.6533690e-19 0.0000000e+0 1.00000000
vn 0.22094238 0.97528686 0.0000000e+0
vn 0.22094238 0.97528686 0.0000000e+0
vn 3.6533690e-19 0.0000000e+0 1.00000000
vn -0.70710678 0.70710678 0.0000000e+0
vn -0.70710678 0.70710678 0.0000000e+0
vn 3.6533690e-19 0.0000000e+0 1.00000000
vn 0.70710678 0.70710678 0.0000000e+0
vn 0.70710678 0.70710678 0.0000000e+0
vn 3.6533690e-19 0.0000000e+0 1.00000000
vn -0.70710678 -0.70710678 0.0000000e+0
vn -0.70710678 -0.70710678 0.0000000e+0
vn 3.6533690e-19 0.0000000e+0 1.00000000
vn 0.70710678 -0.70710678 0.0000000e+0
vn 0.70710678 -0.70710678 0.0000000e+0
vn 0.70710678 -0.70710678 0.0000000e+0
vn 0.70710678 -0.70710678 0.0000000e+0
vn 0.13052619 0.0000000e+0 -0.99144486
vn 0.70710678 0.70710678 0.0000000e+0
vn 0.70710678 0.70710678 0.0000000e+0
vn 0.13052619 0.0000000e+0 -0.99144486
vn 0.22094238 -0.97528686 0.0000000e+0
vn 0.22094238 -0.97528686 0.0000000e+0
vn 0.13052619 0.0000000e+0 -0.99144486
vn 0.22094238 0.97528686 0.0000000e+0
vn 0.22094238 0.97528686 0.0000000e+0
vn 0.13052619 0.0000000e+0 -0.99144486
vn 0.97528686 0.22094238 0.0000000e+0
vn 0.97528686 0.22094238 0.0000000e+0
vn 0.13052619 0.0000000e+0 -0.99144486
vn 0.97528686 -0.22094238 0.0000000e+0
vn 0.97528686 -0.22094238 0.0000000e+0
vn 0.13052619 0.0000000e+0 -0.99144486
vn 0.0000000e+0 1.00000000 0.0000000e+0
vn 1.9596554e-16 -2.9226952e-18 -1.00000000
vn 1.9596554e-16 -2.9226952e-18 -1.00000000
vn 0.0000000e+0 -1.00000000 0.0000000e+0
vn 1.9596554e-16 -2.9226952e-18 -1.00000000
vn 1.9596554e-16 -2.9226952e-18 -1.00000000
vn -0.70710678 -0.70710678 0.0000000e+0
vn -0.70710678 -0.70710678 0.0000000e+0
vn -0.13052619 -5.7953823e-18 -0.99144486
vn -0.70710678 0.70710678 0.0000000e+0
vn -0.70710678 0.70710678 0.0000000e+0
vn -0.13052619 -5.7953823e-18 -0.99144486
vn -0.22094238 0.97528686 0.0000000e+0
vn -0.22094238 0.97528686 0.0000000e+0
vn -0.13052619 -5.7953823e-18 -0.99144486
vn -0.97528686 -0.22094238 0.0000000e+0
vn -0.97528686 -0.22094238 0.0000000e+0
vn -0.13052619 -5.7953823e-18 -0.99144486
vn -0.22094238 -0.97528686 0.0000000e+0
vn -0.22094238 -0.97528686 0.0000000e+0
vn -0.13052619 -5.7953823e-18 -0.99144486
vn -0.97528686 0.22094238 0.0000000e+0
vn -0.97528686 0.22094238 0.0000000e+0
vn -0.13052619 -5.7953823e-18 -0.99144486
vn 0.70710678 1.8935915e-16 -0.70710678
vn -3.2135313e-16 1.00000000 2.6779428e-16
vn -0.70710678 -1.6568925e-16 -0.70710678
vn -3.2135313e-16 1.00000000 2.6779428e-16
vn 0.70710678 1.8935915e-16 -0.70710678
vn -0.70710678 -1.6568925e-16 -0.70710678
vn 3.2135313e-16 -1.00000000 -2.6779428e-16
vn 3.2135313e-16 -1.00000000 -2.6779428e-16
vn -0.70710678 -1.6568925e-16 -0.70710678
vn 3.2135313e-16 -1.00000000 -5.3558855e-16
vn -3.2135313e-16 1.00000000 5.3558855e-16
vn -0.70710678 -1.6568925e-16 -0.70710678
vn 0.70710678 1.8935915e-16 -0.70710678
vn -3.2135313e-16 1.00000000 0.0000000e+0
vn 0.70710678 1.8935915e-16 -0.70710678
vn 3.2135313e-16 -1.00000000 0.0000000e+0
g mesh1_mesh1_auv
usemtl mesh1_auv
s 1
f 5/49/15 12/51/36 6/55/18 7/56/21 10/52/30 8/50/24 4/42/12 9/38/27 3/35/9 2/34/6 11/37/33 1/41/3
f 16/44/50 14/40/44 17/33/53 18/36/56 13/39/41 15/43/47 20/45/61 19/46/58
f 19/46/59 20/45/62 25/47/77 21/54/65 24/57/74 26/58/80 22/53/68 23/48/71
f 28/66/86 29/69/89 30/70/92 27/67/83
s 2
f 1/28/5 25/29/76 20/17/60 15/7/45 5/5/16
f 3/16/11 26/15/79 24/21/72 2/22/7
f 6/19/20 18/20/55 17/14/51 7/13/22
f 8/27/26 16/29/49 19/18/57 23/8/69 4/6/13
f 9/12/28 22/11/66 26/15/78 3/16/10
f 10/30/31 14/32/42 16/29/48 8/27/25
f 11/31/34 21/32/63 25/29/75 1/28/4
f 12/23/37 13/24/39 18/20/54 6/19/19
f 15/7/46 13/3/40 12/1/38 5/5/17
f 17/14/52 14/10/43 10/9/32 7/13/23
f 23/8/70 22/4/67 9/2/29 4/6/14
f 24/21/73 21/25/64 11/26/35 2/22/8
f 27/67/81 33/60/93 34/59/95 28/66/85
s 3
f 29/68/90 28/65/87 31/64/1
f 31/64/1 28/65/88 34/61/96
f 32/63/2 27/65/82 30/62/91
f 33/68/94 27/65/84 32/63/2
