# Exported from Wings 3D 1.5.4
mtllib acamar_crew_s2_s1_1.mtl
o Cylinder1
#232 vertices, 185 faces
v 1.25000000 0.18750000 8.3844968e-18
v 1.20740728 0.18750000 0.32352381
v 1.08253175 0.18750000 0.62500000
v 0.88388348 0.18750000 0.88388348
v 0.62500000 0.18750000 1.08253175
v 0.32352381 0.18750000 1.20740728
v 1.1123489e-16 0.18750000 1.25000000
v -0.32352381 0.18750000 1.20740728
v -0.62500000 0.18750000 1.08253175
v -0.88388348 0.18750000 0.88388348
v -1.08253175 0.18750000 0.62500000
v -1.20740728 0.18750000 0.32352381
v -1.25000000 0.18750000 1.6146535e-16
v -1.20740728 0.18750000 -0.32352381
v -1.08253175 0.18750000 -0.62500000
v -0.88388348 0.18750000 -0.88388348
v -0.62500000 0.18750000 -1.08253175
v -0.32352381 0.18750000 -1.20740728
v -1.9492681e-16 0.18750000 -1.25000000
v 0.32352381 0.18750000 -1.20740728
v 0.62500000 0.18750000 -1.08253175
v 0.88388348 0.18750000 -0.88388348
v 1.08253175 0.18750000 -0.62500000
v 1.20740728 0.18750000 -0.32352381
v 1.25000000 -0.18750000 8.3844968e-18
v 1.20740728 -0.18750000 0.32352381
v 1.08253175 -0.18750000 0.62500000
v 0.88388348 -0.18750000 0.88388348
v 0.62500000 -0.18750000 1.08253175
v 0.32352381 -0.18750000 1.20740728
v 1.1123489e-16 -0.18750000 1.25000000
v -0.32352381 -0.18750000 1.20740728
v -0.62500000 -0.18750000 1.08253175
v -0.88388348 -0.18750000 0.88388348
v -1.08253175 -0.18750000 0.62500000
v -1.20740728 -0.18750000 0.32352381
v -1.25000000 -0.18750000 1.6146535e-16
v -1.20740728 -0.18750000 -0.32352381
v -1.08253175 -0.18750000 -0.62500000
v -0.88388348 -0.18750000 -0.88388348
v -0.62500000 -0.18750000 -1.08253175
v -0.32352381 -0.18750000 -1.20740728
v -1.9492681e-16 -0.18750000 -1.25000000
v 0.32352381 -0.18750000 -1.20740728
v 0.62500000 -0.18750000 -1.08253175
v 0.88388348 -0.18750000 -0.88388348
v 1.08253175 -0.18750000 -0.62500000
v 1.20740728 -0.18750000 -0.32352381
v 0.90555546 0.18750000 0.24264285
v 0.81189882 0.18750000 0.46875000
v 0.66291261 0.18750000 0.66291261
v 0.46875000 0.18750000 0.81189882
v 0.24264285 0.18750000 0.90555546
v 7.6995933e-17 0.18750000 0.93750000
v -0.24264285 0.18750000 0.90555546
v -0.46875000 0.18750000 0.81189882
v -0.66291261 0.18750000 0.66291261
v -0.81189882 0.18750000 0.46875000
v -0.90555546 0.18750000 0.24264285
v -0.93750000 0.18750000 9.0798634e-17
v -0.90555546 0.18750000 -0.24264285
v -0.81189882 0.18750000 -0.46875000
v -0.66291261 0.18750000 -0.66291261
v -0.46875000 0.18750000 -0.81189882
v -0.24264285 0.18750000 -0.90555546
v -1.5262534e-16 0.18750000 -0.93750000
v 0.24264285 0.18750000 -0.90555546
v 0.46875000 0.18750000 -0.81189882
v 0.66291261 0.18750000 -0.66291261
v 0.81189882 0.18750000 -0.46875000
v 0.90555546 0.18750000 -0.24264285
v 0.93750000 0.18750000 -2.4012003e-17
v 0.96464466 1.02500000 0.43189123
v 0.94696699 1.02500000 0.41421356
v 0.41421356 0.22400781 0.94696699
v 0.43189123 0.22400781 0.96464466
v 0.41421356 0.25964414 0.94696699
v 0.43189123 0.25964414 0.96464466
v 0.96464466 0.98936368 0.43189123
v 0.94696699 0.98936368 0.41421356
v 0.69826795 0.60668575 0.69826795
v 0.69826795 0.64232207 0.69826795
v -0.96464466 1.02500000 -0.43189123
v -0.94696699 1.02500000 -0.41421356
v -0.41421356 0.22400781 -0.94696699
v -0.43189123 0.22400781 -0.96464466
v -0.41421356 0.25964414 -0.94696699
v -0.43189123 0.25964414 -0.96464466
v -0.96464466 0.98936368 -0.43189123
v -0.94696699 0.98936368 -0.41421356
v -0.69826795 0.60668575 -0.69826795
v -0.69826795 0.64232207 -0.69826795
v -0.43189123 1.02500000 0.96464466
v -0.41421356 1.02500000 0.94696699
v -0.94696699 0.22400781 0.41421356
v -0.96464466 0.22400781 0.43189123
v -0.94696699 0.25964414 0.41421356
v -0.96464466 0.25964414 0.43189123
v -0.43189123 0.98936368 0.96464466
v -0.41421356 0.98936368 0.94696699
v -0.69826795 0.60668575 0.69826795
v -0.69826795 0.64232207 0.69826795
v 0.43189123 1.02500000 -0.96464466
v 0.41421356 1.02500000 -0.94696699
v 0.94696699 0.22400781 -0.41421356
v 0.96464466 0.22400781 -0.43189123
v 0.94696699 0.25964414 -0.41421356
v 0.96464466 0.25964414 -0.43189123
v 0.43189123 0.98936368 -0.96464466
v 0.41421356 0.98936368 -0.94696699
v 0.69826795 0.60668575 -0.69826795
v 0.69826795 0.64232207 -0.69826795
v 0.37671356 1.02500000 -0.98750000
v 0.37671356 1.02500000 -0.96250000
v -0.37671356 0.22400781 -0.96250000
v -0.37671356 0.22400781 -0.98750000
v -0.37671356 0.25964414 -0.96250000
v -0.37671356 0.25964414 -0.98750000
v 0.37671356 0.98936368 -0.98750000
v 0.37671356 0.98936368 -0.96250000
v -2.7755576e-16 0.60668575 -0.98750000
v -2.7755576e-16 0.64232207 -0.98750000
v -0.37671356 1.02500000 0.98750000
v -0.37671356 1.02500000 0.96250000
v 0.37671356 0.22400781 0.96250000
v 0.37671356 0.22400781 0.98750000
v 0.37671356 0.25964414 0.96250000
v 0.37671356 0.25964414 0.98750000
v -0.37671356 0.98936368 0.98750000
v -0.37671356 0.98936368 0.96250000
v 2.7755576e-16 0.60668575 0.98750000
v 2.7755576e-16 0.64232207 0.98750000
v -0.98750000 1.02500000 -0.37671356
v -0.96250000 1.02500000 -0.37671356
v -0.96250000 0.22400781 0.37671356
v -0.98750000 0.22400781 0.37671356
v -0.96250000 0.25964414 0.37671356
v -0.98750000 0.25964414 0.37671356
v -0.98750000 0.98936368 -0.37671356
v -0.96250000 0.98936368 -0.37671356
v -0.98750000 0.60668575 4.8853333e-17
v -0.98750000 0.64232207 4.9396852e-17
v 0.98750000 1.02500000 0.37671356
v 0.96250000 1.02500000 0.37671356
v 0.96250000 0.22400781 -0.37671356
v 0.98750000 0.22400781 -0.37671356
v 0.96250000 0.25964414 -0.37671356
v 0.98750000 0.25964414 -0.37671356
v 0.98750000 0.98936368 0.37671356
v 0.96250000 0.98936368 0.37671356
v 0.98750000 0.60668575 -3.8532431e-16
v 0.98750000 0.64232207 -3.8478079e-16
v 1.00000000 1.06250000 -0.41421356
v 1.00000000 1.06250000 0.41421356
v 0.41421356 1.06250000 1.00000000
v -0.41421356 1.06250000 1.00000000
v -1.00000000 1.06250000 0.41421356
v -1.00000000 1.06250000 -0.41421356
v -0.41421356 1.06250000 -1.00000000
v 0.41421356 1.06250000 -1.00000000
v 1.00000000 0.18750000 -0.41421356
v 1.00000000 0.18750000 0.41421356
v 0.41421356 0.18750000 1.00000000
v -0.41421356 0.18750000 1.00000000
v -1.00000000 0.18750000 0.41421356
v -1.00000000 0.18750000 -0.41421356
v -0.41421356 0.18750000 -1.00000000
v 0.41421356 0.18750000 -1.00000000
v 1.00000000 1.02500000 -0.37671356
v 1.00000000 1.02500000 0.37671356
v 1.00000000 0.22500000 0.37671356
v 1.00000000 0.22500000 -0.37671356
v 0.37671356 1.02500000 1.00000000
v -0.37671356 1.02500000 1.00000000
v -0.37671356 0.22500000 1.00000000
v 0.37671356 0.22500000 1.00000000
v -1.00000000 1.02500000 0.37671356
v -1.00000000 1.02500000 -0.37671356
v -1.00000000 0.22500000 -0.37671356
v -1.00000000 0.22500000 0.37671356
v -0.37671356 1.02500000 -1.00000000
v 0.37671356 1.02500000 -1.00000000
v 0.37671356 0.22500000 -1.00000000
v -0.37671356 0.22500000 -1.00000000
v 0.97348350 1.02500000 0.44073007
v 0.44073007 1.02500000 0.97348350
v 0.44073007 0.22500000 0.97348350
v 0.97348350 0.22500000 0.44073007
v -0.44073007 1.02500000 0.97348350
v -0.97348350 1.02500000 0.44073007
v -0.97348350 0.22500000 0.44073007
v -0.44073007 0.22500000 0.97348350
v -0.97348350 1.02500000 -0.44073007
v -0.44073007 1.02500000 -0.97348350
v -0.44073007 0.22500000 -0.97348350
v -0.97348350 0.22500000 -0.44073007
v 0.44073007 1.02500000 -0.97348350
v 0.97348350 1.02500000 -0.44073007
v 0.97348350 0.22500000 -0.44073007
v 0.44073007 0.22500000 -0.97348350
v 0.96250000 1.02500000 -0.37671356
v 0.96250000 1.02500000 0.37671356
v 0.96250000 0.22500000 0.37671356
v 0.96250000 0.22500000 -0.37671356
v 0.94696699 1.02500000 0.41421356
v 0.41421356 1.02500000 0.94696699
v 0.41421356 0.22500000 0.94696699
v 0.94696699 0.22500000 0.41421356
v 0.37671356 1.02500000 0.96250000
v -0.37671356 1.02500000 0.96250000
v -0.37671356 0.22500000 0.96250000
v 0.37671356 0.22500000 0.96250000
v -0.41421356 1.02500000 0.94696699
v -0.94696699 1.02500000 0.41421356
v -0.94696699 0.22500000 0.41421356
v -0.41421356 0.22500000 0.94696699
v -0.96250000 1.02500000 0.37671356
v -0.96250000 1.02500000 -0.37671356
v -0.96250000 0.22500000 -0.37671356
v -0.96250000 0.22500000 0.37671356
v -0.94696699 1.02500000 -0.41421356
v -0.41421356 1.02500000 -0.94696699
v -0.41421356 0.22500000 -0.94696699
v -0.94696699 0.22500000 -0.41421356
v -0.37671356 1.02500000 -0.96250000
v 0.37671356 1.02500000 -0.96250000
v 0.37671356 0.22500000 -0.96250000
v -0.37671356 0.22500000 -0.96250000
v 0.41421356 1.02500000 -0.94696699
v 0.94696699 1.02500000 -0.41421356
v 0.94696699 0.22500000 -0.41421356
v 0.41421356 0.22500000 -0.94696699
vn 0.0000000e+0 1.00000000 0.0000000e+0
vn 0.0000000e+0 1.00000000 0.0000000e+0
vn 0.0000000e+0 1.00000000 0.0000000e+0
vn 0.0000000e+0 1.00000000 0.0000000e+0
vn 0.0000000e+0 1.00000000 0.0000000e+0
vn 0.0000000e+0 1.00000000 0.0000000e+0
vn 0.0000000e+0 1.00000000 0.0000000e+0
vn 0.0000000e+0 1.00000000 0.0000000e+0
vn 0.0000000e+0 1.00000000 0.0000000e+0
vn 0.0000000e+0 1.00000000 0.0000000e+0
vn 0.0000000e+0 1.00000000 0.0000000e+0
vn 0.0000000e+0 1.00000000 0.0000000e+0
vn 0.0000000e+0 1.00000000 0.0000000e+0
vn 0.0000000e+0 1.00000000 0.0000000e+0
vn 0.0000000e+0 1.00000000 0.0000000e+0
vn 0.0000000e+0 1.00000000 0.0000000e+0
vn 0.0000000e+0 1.00000000 0.0000000e+0
vn 0.0000000e+0 1.00000000 0.0000000e+0
vn 0.0000000e+0 1.00000000 0.0000000e+0
vn 0.0000000e+0 1.00000000 0.0000000e+0
vn 0.0000000e+0 1.00000000 0.0000000e+0
vn 0.0000000e+0 1.00000000 0.0000000e+0
vn 0.0000000e+0 1.00000000 0.0000000e+0
vn 0.0000000e+0 1.00000000 0.0000000e+0
vn -0.50391153 0.70153143 0.50391153
vn 0.50391153 -0.70153143 -0.50391153
vn -0.50391153 0.70153143 0.50391153
vn 0.50391153 -0.70153143 -0.50391153
vn 0.50391153 0.70153143 -0.50391153
vn -0.50391153 -0.70153143 0.50391153
vn 0.50391153 0.70153143 -0.50391153
vn -0.50391153 -0.70153143 0.50391153
vn -0.50391153 0.70153143 -0.50391153
vn 0.50391153 -0.70153143 0.50391153
vn -0.50391153 0.70153143 -0.50391153
vn 0.50391153 -0.70153143 0.50391153
vn 0.50391153 0.70153143 0.50391153
vn -0.50391153 -0.70153143 -0.50391153
vn 0.50391153 0.70153143 0.50391153
vn -0.50391153 -0.70153143 -0.50391153
vn -0.71263852 0.70153143 0.0000000e+0
vn 0.71263852 -0.70153143 0.0000000e+0
vn -0.71263852 0.70153143 0.0000000e+0
vn 0.71263852 -0.70153143 0.0000000e+0
vn 0.71263852 0.70153143 0.0000000e+0
vn -0.71263852 -0.70153143 0.0000000e+0
vn 0.71263852 0.70153143 0.0000000e+0
vn -0.71263852 -0.70153143 0.0000000e+0
vn -5.4862399e-16 0.70153143 0.71263852
vn 3.1748291e-17 -0.70153143 -0.71263852
vn -5.4862399e-16 0.70153143 0.71263852
vn 3.1748291e-17 -0.70153143 -0.71263852
vn 7.3911374e-16 0.70153143 -0.71263852
vn -2.2223804e-16 -0.70153143 0.71263852
vn 7.3911374e-16 0.70153143 -0.71263852
vn -2.2223804e-16 -0.70153143 0.71263852
vn 1.00000000 0.0000000e+0 -1.2597785e-16
vn 1.00000000 0.0000000e+0 -1.2597785e-16
vn 0.0000000e+0 1.00000000 0.0000000e+0
vn 0.0000000e+0 1.00000000 0.0000000e+0
vn 0.96592583 0.0000000e+0 0.25881905
vn 0.96592583 0.0000000e+0 0.25881905
vn 0.0000000e+0 1.00000000 0.0000000e+0
vn 0.0000000e+0 1.00000000 0.0000000e+0
vn 0.86602540 0.0000000e+0 0.50000000
vn 0.86602540 0.0000000e+0 0.50000000
vn 0.0000000e+0 1.00000000 0.0000000e+0
vn 0.0000000e+0 1.00000000 0.0000000e+0
vn 0.70710678 0.0000000e+0 0.70710678
vn 0.70710678 0.0000000e+0 0.70710678
vn 0.0000000e+0 1.00000000 0.0000000e+0
vn 0.0000000e+0 1.00000000 0.0000000e+0
vn 0.50000000 0.0000000e+0 0.86602540
vn 0.50000000 0.0000000e+0 0.86602540
vn 0.0000000e+0 1.00000000 0.0000000e+0
vn 0.0000000e+0 1.00000000 0.0000000e+0
vn 0.25881905 0.0000000e+0 0.96592583
vn 0.25881905 0.0000000e+0 0.96592583
vn 0.0000000e+0 1.00000000 0.0000000e+0
vn 0.0000000e+0 1.00000000 0.0000000e+0
vn 2.7995077e-16 0.0000000e+0 1.00000000
vn 2.7995077e-16 0.0000000e+0 1.00000000
vn 0.0000000e+0 1.00000000 0.0000000e+0
vn 0.0000000e+0 1.00000000 0.0000000e+0
vn -0.25881905 0.0000000e+0 0.96592583
vn -0.25881905 0.0000000e+0 0.96592583
vn 0.0000000e+0 1.00000000 0.0000000e+0
vn 0.0000000e+0 1.00000000 0.0000000e+0
vn -0.50000000 0.0000000e+0 0.86602540
vn -0.50000000 0.0000000e+0 0.86602540
vn 0.0000000e+0 1.00000000 0.0000000e+0
vn 0.0000000e+0 1.00000000 0.0000000e+0
vn -0.70710678 0.0000000e+0 0.70710678
vn -0.70710678 0.0000000e+0 0.70710678
vn 0.0000000e+0 1.00000000 0.0000000e+0
vn 0.0000000e+0 1.00000000 0.0000000e+0
vn -0.86602540 0.0000000e+0 0.50000000
vn -0.86602540 0.0000000e+0 0.50000000
vn 0.0000000e+0 1.00000000 0.0000000e+0
vn 0.0000000e+0 1.00000000 0.0000000e+0
vn -0.96592583 0.0000000e+0 0.25881905
vn -0.96592583 0.0000000e+0 0.25881905
vn 0.0000000e+0 1.00000000 0.0000000e+0
vn 0.0000000e+0 1.00000000 0.0000000e+0
vn -1.00000000 0.0000000e+0 5.8789663e-16
vn -1.00000000 0.0000000e+0 5.8789663e-16
vn 0.0000000e+0 1.00000000 0.0000000e+0
vn 0.0000000e+0 1.00000000 0.0000000e+0
vn -0.96592583 0.0000000e+0 -0.25881905
vn -0.96592583 0.0000000e+0 -0.25881905
vn 0.0000000e+0 1.00000000 0.0000000e+0
vn 0.0000000e+0 1.00000000 0.0000000e+0
vn -0.86602540 0.0000000e+0 -0.50000000
vn -0.86602540 0.0000000e+0 -0.50000000
vn 0.0000000e+0 1.00000000 0.0000000e+0
vn 0.0000000e+0 1.00000000 0.0000000e+0
vn -0.70710678 0.0000000e+0 -0.70710678
vn -0.70710678 0.0000000e+0 -0.70710678
vn 0.0000000e+0 1.00000000 0.0000000e+0
vn 0.0000000e+0 1.00000000 0.0000000e+0
vn -0.50000000 0.0000000e+0 -0.86602540
vn -0.50000000 0.0000000e+0 -0.86602540
vn 0.0000000e+0 1.00000000 0.0000000e+0
vn 0.0000000e+0 1.00000000 0.0000000e+0
vn -0.25881905 0.0000000e+0 -0.96592583
vn -0.25881905 0.0000000e+0 -0.96592583
vn 0.0000000e+0 1.00000000 0.0000000e+0
vn 0.0000000e+0 1.00000000 0.0000000e+0
vn -4.6191878e-16 0.0000000e+0 -1.00000000
vn -4.6191878e-16 0.0000000e+0 -1.00000000
vn 0.0000000e+0 1.00000000 0.0000000e+0
vn 0.0000000e+0 1.00000000 0.0000000e+0
vn 0.25881905 0.0000000e+0 -0.96592583
vn 0.25881905 0.0000000e+0 -0.96592583
vn 0.0000000e+0 1.00000000 0.0000000e+0
vn 0.0000000e+0 1.00000000 0.0000000e+0
vn 0.50000000 0.0000000e+0 -0.86602540
vn 0.50000000 0.0000000e+0 -0.86602540
vn 0.0000000e+0 1.00000000 0.0000000e+0
vn 0.0000000e+0 1.00000000 0.0000000e+0
vn 0.70710678 0.0000000e+0 -0.70710678
vn 0.70710678 0.0000000e+0 -0.70710678
vn 0.0000000e+0 1.00000000 0.0000000e+0
vn 0.0000000e+0 1.00000000 0.0000000e+0
vn 0.86602540 0.0000000e+0 -0.50000000
vn 0.86602540 0.0000000e+0 -0.50000000
vn 0.0000000e+0 1.00000000 0.0000000e+0
vn 0.0000000e+0 1.00000000 0.0000000e+0
vn 0.96592583 0.0000000e+0 -0.25881905
vn 0.96592583 0.0000000e+0 -0.25881905
vn 0.0000000e+0 1.00000000 0.0000000e+0
vn 0.0000000e+0 1.00000000 0.0000000e+0
vn 1.00000000 0.0000000e+0 -1.2597785e-16
vn 1.00000000 0.0000000e+0 -1.2597785e-16
vn 0.96592583 0.0000000e+0 0.25881905
vn 0.96592583 0.0000000e+0 0.25881905
vn 0.86602540 0.0000000e+0 0.50000000
vn 0.86602540 0.0000000e+0 0.50000000
vn 0.70710678 0.0000000e+0 0.70710678
vn 0.70710678 0.0000000e+0 0.70710678
vn 0.50000000 0.0000000e+0 0.86602540
vn 0.50000000 0.0000000e+0 0.86602540
vn 0.25881905 0.0000000e+0 0.96592583
vn 0.25881905 0.0000000e+0 0.96592583
vn 2.7995077e-16 0.0000000e+0 1.00000000
vn 2.7995077e-16 0.0000000e+0 1.00000000
vn -0.25881905 0.0000000e+0 0.96592583
vn -0.25881905 0.0000000e+0 0.96592583
vn -0.50000000 0.0000000e+0 0.86602540
vn -0.50000000 0.0000000e+0 0.86602540
vn -0.70710678 0.0000000e+0 0.70710678
vn -0.70710678 0.0000000e+0 0.70710678
vn -0.86602540 0.0000000e+0 0.50000000
vn -0.86602540 0.0000000e+0 0.50000000
vn -0.96592583 0.0000000e+0 0.25881905
vn -0.96592583 0.0000000e+0 0.25881905
vn -1.00000000 0.0000000e+0 5.8789663e-16
vn -1.00000000 0.0000000e+0 5.8789663e-16
vn -0.96592583 0.0000000e+0 -0.25881905
vn -0.96592583 0.0000000e+0 -0.25881905
vn -0.86602540 0.0000000e+0 -0.50000000
vn -0.86602540 0.0000000e+0 -0.50000000
vn -0.70710678 0.0000000e+0 -0.70710678
vn -0.70710678 0.0000000e+0 -0.70710678
vn -0.50000000 0.0000000e+0 -0.86602540
vn -0.50000000 0.0000000e+0 -0.86602540
vn -0.25881905 0.0000000e+0 -0.96592583
vn -0.25881905 0.0000000e+0 -0.96592583
vn -4.6191878e-16 0.0000000e+0 -1.00000000
vn -4.6191878e-16 0.0000000e+0 -1.00000000
vn 0.25881905 0.0000000e+0 -0.96592583
vn 0.25881905 0.0000000e+0 -0.96592583
vn 0.50000000 0.0000000e+0 -0.86602540
vn 0.50000000 0.0000000e+0 -0.86602540
vn 0.70710678 0.0000000e+0 -0.70710678
vn 0.70710678 0.0000000e+0 -0.70710678
vn 0.86602540 0.0000000e+0 -0.50000000
vn 0.86602540 0.0000000e+0 -0.50000000
vn 0.96592583 0.0000000e+0 -0.25881905
vn 0.96592583 0.0000000e+0 -0.25881905
vn -0.50391153 0.70153143 0.50391153
vn 0.70710678 0.0000000e+0 0.70710678
vn 0.70710678 0.0000000e+0 0.70710678
vn 0.50391153 -0.70153143 -0.50391153
vn 0.70710678 0.0000000e+0 0.70710678
vn -0.50391153 0.70153143 0.50391153
vn 0.70710678 0.0000000e+0 0.70710678
vn 0.50391153 -0.70153143 -0.50391153
vn 0.70710678 0.0000000e+0 0.70710678
vn 0.50391153 -0.70153143 -0.50391153
vn 0.70710678 0.0000000e+0 0.70710678
vn 0.50391153 -0.70153143 -0.50391153
vn 0.50391153 -0.70153143 -0.50391153
vn -0.50391153 0.70153143 0.50391153
vn 0.70710678 0.0000000e+0 0.70710678
vn 0.70710678 0.0000000e+0 0.70710678
vn -0.50391153 0.70153143 0.50391153
vn -0.50391153 0.70153143 0.50391153
vn 0.50391153 0.70153143 -0.50391153
vn -0.70710678 0.0000000e+0 -0.70710678
vn -0.70710678 0.0000000e+0 -0.70710678
vn -0.50391153 -0.70153143 0.50391153
vn -0.70710678 0.0000000e+0 -0.70710678
vn 0.50391153 0.70153143 -0.50391153
vn -0.70710678 0.0000000e+0 -0.70710678
vn -0.50391153 -0.70153143 0.50391153
vn -0.70710678 0.0000000e+0 -0.70710678
vn -0.50391153 -0.70153143 0.50391153
vn -0.70710678 0.0000000e+0 -0.70710678
vn -0.50391153 -0.70153143 0.50391153
vn -0.50391153 -0.70153143 0.50391153
vn 0.50391153 0.70153143 -0.50391153
vn -0.70710678 0.0000000e+0 -0.70710678
vn -0.70710678 0.0000000e+0 -0.70710678
vn 0.50391153 0.70153143 -0.50391153
vn 0.50391153 0.70153143 -0.50391153
vn -0.50391153 0.70153143 -0.50391153
vn -0.70710678 0.0000000e+0 0.70710678
vn -0.70710678 0.0000000e+0 0.70710678
vn 0.50391153 -0.70153143 0.50391153
vn -0.70710678 0.0000000e+0 0.70710678
vn -0.50391153 0.70153143 -0.50391153
vn -0.70710678 0.0000000e+0 0.70710678
vn 0.50391153 -0.70153143 0.50391153
vn -0.70710678 0.0000000e+0 0.70710678
vn 0.50391153 -0.70153143 0.50391153
vn -0.70710678 0.0000000e+0 0.70710678
vn 0.50391153 -0.70153143 0.50391153
vn 0.50391153 -0.70153143 0.50391153
vn -0.50391153 0.70153143 -0.50391153
vn -0.70710678 0.0000000e+0 0.70710678
vn -0.70710678 0.0000000e+0 0.70710678
vn -0.50391153 0.70153143 -0.50391153
vn -0.50391153 0.70153143 -0.50391153
vn 0.50391153 0.70153143 0.50391153
vn 0.70710678 0.0000000e+0 -0.70710678
vn 0.70710678 0.0000000e+0 -0.70710678
vn -0.50391153 -0.70153143 -0.50391153
vn 0.70710678 0.0000000e+0 -0.70710678
vn 0.50391153 0.70153143 0.50391153
vn 0.70710678 0.0000000e+0 -0.70710678
vn -0.50391153 -0.70153143 -0.50391153
vn 0.70710678 0.0000000e+0 -0.70710678
vn -0.50391153 -0.70153143 -0.50391153
vn 0.70710678 0.0000000e+0 -0.70710678
vn -0.50391153 -0.70153143 -0.50391153
vn -0.50391153 -0.70153143 -0.50391153
vn 0.50391153 0.70153143 0.50391153
vn 0.70710678 0.0000000e+0 -0.70710678
vn 0.70710678 0.0000000e+0 -0.70710678
vn 0.50391153 0.70153143 0.50391153
vn 0.50391153 0.70153143 0.50391153
vn -0.71263852 0.70153143 0.0000000e+0
vn 0.0000000e+0 0.0000000e+0 -1.00000000
vn 0.0000000e+0 0.0000000e+0 -1.00000000
vn 0.71263852 -0.70153143 0.0000000e+0
vn 0.0000000e+0 0.0000000e+0 -1.00000000
vn -0.71263852 0.70153143 0.0000000e+0
vn 0.0000000e+0 0.0000000e+0 -1.00000000
vn 0.71263852 -0.70153143 0.0000000e+0
vn 0.0000000e+0 0.0000000e+0 -1.00000000
vn 0.71263852 -0.70153143 0.0000000e+0
vn 0.0000000e+0 0.0000000e+0 -1.00000000
vn 0.71263852 -0.70153143 0.0000000e+0
vn 0.71263852 -0.70153143 0.0000000e+0
vn -0.71263852 0.70153143 0.0000000e+0
vn 0.0000000e+0 0.0000000e+0 -1.00000000
vn 0.0000000e+0 0.0000000e+0 -1.00000000
vn -0.71263852 0.70153143 0.0000000e+0
vn -0.71263852 0.70153143 0.0000000e+0
vn 0.71263852 0.70153143 0.0000000e+0
vn 0.0000000e+0 0.0000000e+0 1.00000000
vn 0.0000000e+0 0.0000000e+0 1.00000000
vn -0.71263852 -0.70153143 0.0000000e+0
vn 0.0000000e+0 0.0000000e+0 1.00000000
vn 0.71263852 0.70153143 0.0000000e+0
vn 0.0000000e+0 0.0000000e+0 1.00000000
vn -0.71263852 -0.70153143 0.0000000e+0
vn 0.0000000e+0 0.0000000e+0 1.00000000
vn -0.71263852 -0.70153143 0.0000000e+0
vn 0.0000000e+0 0.0000000e+0 1.00000000
vn -0.71263852 -0.70153143 0.0000000e+0
vn -0.71263852 -0.70153143 0.0000000e+0
vn 0.71263852 0.70153143 0.0000000e+0
vn 0.0000000e+0 0.0000000e+0 1.00000000
vn 0.0000000e+0 0.0000000e+0 1.00000000
vn 0.71263852 0.70153143 0.0000000e+0
vn 0.71263852 0.70153143 0.0000000e+0
vn 0.0000000e+0 0.70153143 0.71263852
vn -1.00000000 0.0000000e+0 0.0000000e+0
vn -1.00000000 0.0000000e+0 0.0000000e+0
vn 0.0000000e+0 -0.70153143 -0.71263852
vn -1.00000000 0.0000000e+0 0.0000000e+0
vn 0.0000000e+0 0.70153143 0.71263852
vn -1.00000000 0.0000000e+0 0.0000000e+0
vn 0.0000000e+0 -0.70153143 -0.71263852
vn -1.00000000 0.0000000e+0 0.0000000e+0
vn 2.1165527e-17 -0.70153143 -0.71263852
vn -1.00000000 0.0000000e+0 0.0000000e+0
vn 2.1165527e-17 -0.70153143 -0.71263852
vn 2.1165527e-17 -0.70153143 -0.71263852
vn -3.6574933e-16 0.70153143 0.71263852
vn -1.00000000 0.0000000e+0 0.0000000e+0
vn -1.00000000 0.0000000e+0 0.0000000e+0
vn -3.6574933e-16 0.70153143 0.71263852
vn -3.6574933e-16 0.70153143 0.71263852
vn 0.0000000e+0 0.70153143 -0.71263852
vn 1.00000000 0.0000000e+0 0.0000000e+0
vn 1.00000000 0.0000000e+0 0.0000000e+0
vn 0.0000000e+0 -0.70153143 0.71263852
vn 1.00000000 0.0000000e+0 0.0000000e+0
vn 0.0000000e+0 0.70153143 -0.71263852
vn 1.00000000 0.0000000e+0 0.0000000e+0
vn 0.0000000e+0 -0.70153143 0.71263852
vn 1.00000000 0.0000000e+0 0.0000000e+0
vn -1.4815869e-16 -0.70153143 0.71263852
vn 1.00000000 0.0000000e+0 0.0000000e+0
vn -1.4815869e-16 -0.70153143 0.71263852
vn -1.4815869e-16 -0.70153143 0.71263852
vn 4.9274249e-16 0.70153143 -0.71263852
vn 1.00000000 0.0000000e+0 0.0000000e+0
vn 1.00000000 0.0000000e+0 0.0000000e+0
vn 4.9274249e-16 0.70153143 -0.71263852
vn 4.9274249e-16 0.70153143 -0.71263852
vn 0.0000000e+0 1.00000000 -3.3503944e-17
vn 1.00000000 0.0000000e+0 0.0000000e+0
vn 1.00000000 0.0000000e+0 0.0000000e+0
vn 0.70710678 -4.6789942e-16 -0.70710678
vn 0.70710678 -4.6789942e-16 -0.70710678
vn 0.0000000e+0 1.00000000 -3.3503944e-17
vn 1.00000000 0.0000000e+0 0.0000000e+0
vn 1.00000000 0.0000000e+0 0.0000000e+0
vn 0.70710678 -4.6789942e-16 0.70710678
vn 0.70710678 -4.6789942e-16 0.70710678
vn 0.0000000e+0 1.00000000 -3.3503944e-17
vn 0.0000000e+0 0.0000000e+0 1.00000000
vn 0.0000000e+0 0.0000000e+0 1.00000000
vn 0.70710678 -4.6789942e-16 0.70710678
vn 0.70710678 -4.6789942e-16 0.70710678
vn 0.0000000e+0 1.00000000 -3.3503944e-17
vn 0.0000000e+0 0.0000000e+0 1.00000000
vn 0.0000000e+0 0.0000000e+0 1.00000000
vn -0.70710678 4.6789942e-16 0.70710678
vn -0.70710678 4.6789942e-16 0.70710678
vn 0.0000000e+0 1.00000000 -3.3503944e-17
vn -1.00000000 0.0000000e+0 1.4036983e-16
vn -1.00000000 0.0000000e+0 1.4036983e-16
vn -0.70710678 4.6789942e-16 0.70710678
vn -0.70710678 4.6789942e-16 0.70710678
vn 0.0000000e+0 1.00000000 -3.3503944e-17
vn -1.00000000 0.0000000e+0 1.4036983e-16
vn -1.00000000 0.0000000e+0 1.4036983e-16
vn -0.70710678 0.0000000e+0 -0.70710678
vn -0.70710678 0.0000000e+0 -0.70710678
vn 0.0000000e+0 1.00000000 -3.3503944e-17
vn -2.1055474e-16 0.0000000e+0 -1.00000000
vn -2.1055474e-16 0.0000000e+0 -1.00000000
vn -0.70710678 0.0000000e+0 -0.70710678
vn -0.70710678 0.0000000e+0 -0.70710678
vn 0.0000000e+0 1.00000000 -3.3503944e-17
vn -2.1055474e-16 0.0000000e+0 -1.00000000
vn -2.1055474e-16 0.0000000e+0 -1.00000000
vn 0.70710678 -4.6789942e-16 -0.70710678
vn 0.70710678 -4.6789942e-16 -0.70710678
vn 1.00000000 0.0000000e+0 0.0000000e+0
vn 1.00000000 0.0000000e+0 0.0000000e+0
vn 0.70710678 4.6789942e-16 -0.70710678
vn 0.70710678 4.6789942e-16 -0.70710678
vn 1.00000000 0.0000000e+0 0.0000000e+0
vn 1.00000000 0.0000000e+0 0.0000000e+0
vn 0.70710678 4.6789942e-16 0.70710678
vn 0.70710678 4.6789942e-16 0.70710678
vn 0.0000000e+0 0.0000000e+0 1.00000000
vn 0.0000000e+0 0.0000000e+0 1.00000000
vn 0.70710678 4.6789942e-16 0.70710678
vn 0.70710678 4.6789942e-16 0.70710678
vn 0.0000000e+0 0.0000000e+0 1.00000000
vn 0.0000000e+0 0.0000000e+0 1.00000000
vn -0.70710678 -4.6789942e-16 0.70710678
vn -0.70710678 -4.6789942e-16 0.70710678
vn -1.00000000 0.0000000e+0 1.4036983e-16
vn -1.00000000 0.0000000e+0 1.4036983e-16
vn -0.70710678 -4.6789942e-16 0.70710678
vn -0.70710678 -4.6789942e-16 0.70710678
vn -1.00000000 0.0000000e+0 1.4036983e-16
vn -1.00000000 0.0000000e+0 1.4036983e-16
vn -0.70710678 0.0000000e+0 -0.70710678
vn -0.70710678 0.0000000e+0 -0.70710678
vn -2.1055474e-16 0.0000000e+0 -1.00000000
vn -2.1055474e-16 0.0000000e+0 -1.00000000
vn -0.70710678 0.0000000e+0 -0.70710678
vn -0.70710678 0.0000000e+0 -0.70710678
vn -2.1055474e-16 0.0000000e+0 -1.00000000
vn -2.1055474e-16 0.0000000e+0 -1.00000000
vn 0.70710678 4.6789942e-16 -0.70710678
vn 0.70710678 4.6789942e-16 -0.70710678
vn 1.00000000 0.0000000e+0 0.0000000e+0
vn 1.00000000 0.0000000e+0 0.0000000e+0
vn 0.0000000e+0 -1.00000000 0.0000000e+0
vn 0.0000000e+0 0.0000000e+0 1.00000000
vn 1.00000000 0.0000000e+0 0.0000000e+0
vn 1.00000000 0.0000000e+0 0.0000000e+0
vn 0.0000000e+0 -1.00000000 0.0000000e+0
vn 0.0000000e+0 0.0000000e+0 -1.00000000
vn 1.00000000 0.0000000e+0 0.0000000e+0
vn 1.00000000 0.0000000e+0 0.0000000e+0
vn 0.0000000e+0 0.0000000e+0 -1.00000000
vn 0.0000000e+0 1.00000000 0.0000000e+0
vn 1.00000000 0.0000000e+0 0.0000000e+0
vn 1.00000000 0.0000000e+0 0.0000000e+0
vn 0.0000000e+0 1.00000000 0.0000000e+0
vn 0.0000000e+0 0.0000000e+0 1.00000000
vn 0.0000000e+0 0.0000000e+0 1.00000000
vn 0.0000000e+0 0.0000000e+0 1.00000000
vn 0.0000000e+0 -1.00000000 0.0000000e+0
vn -1.00000000 0.0000000e+0 0.0000000e+0
vn 0.0000000e+0 0.0000000e+0 1.00000000
vn 0.0000000e+0 0.0000000e+0 1.00000000
vn 0.0000000e+0 -1.00000000 0.0000000e+0
vn 1.00000000 0.0000000e+0 0.0000000e+0
vn 0.0000000e+0 0.0000000e+0 1.00000000
vn 0.0000000e+0 0.0000000e+0 1.00000000
vn 1.00000000 0.0000000e+0 0.0000000e+0
vn 0.0000000e+0 1.00000000 0.0000000e+0
vn 0.0000000e+0 0.0000000e+0 1.00000000
vn 0.0000000e+0 0.0000000e+0 1.00000000
vn 0.0000000e+0 1.00000000 0.0000000e+0
vn -1.00000000 0.0000000e+0 0.0000000e+0
vn -1.00000000 0.0000000e+0 1.4036983e-16
vn -1.00000000 0.0000000e+0 1.4036983e-16
vn 0.0000000e+0 -1.00000000 0.0000000e+0
vn 0.0000000e+0 0.0000000e+0 -1.00000000
vn -1.00000000 0.0000000e+0 1.4036983e-16
vn -1.00000000 0.0000000e+0 1.4036983e-16
vn 0.0000000e+0 -1.00000000 0.0000000e+0
vn 0.0000000e+0 0.0000000e+0 1.00000000
vn -1.00000000 0.0000000e+0 1.4036983e-16
vn -1.00000000 0.0000000e+0 1.4036983e-16
vn 0.0000000e+0 0.0000000e+0 1.00000000
vn 0.0000000e+0 1.00000000 0.0000000e+0
vn -1.00000000 0.0000000e+0 1.4036983e-16
vn -1.00000000 0.0000000e+0 1.4036983e-16
vn 0.0000000e+0 1.00000000 0.0000000e+0
vn 0.0000000e+0 0.0000000e+0 -1.00000000
vn -2.1055474e-16 0.0000000e+0 -1.00000000
vn -2.1055474e-16 0.0000000e+0 -1.00000000
vn 0.0000000e+0 -1.00000000 0.0000000e+0
vn 1.00000000 0.0000000e+0 0.0000000e+0
vn -2.1055474e-16 0.0000000e+0 -1.00000000
vn -2.1055474e-16 0.0000000e+0 -1.00000000
vn 0.0000000e+0 -1.00000000 0.0000000e+0
vn -1.00000000 0.0000000e+0 0.0000000e+0
vn -2.1055474e-16 0.0000000e+0 -1.00000000
vn -2.1055474e-16 0.0000000e+0 -1.00000000
vn -1.00000000 0.0000000e+0 0.0000000e+0
vn 0.0000000e+0 1.00000000 0.0000000e+0
vn -2.1055474e-16 0.0000000e+0 -1.00000000
vn -2.1055474e-16 0.0000000e+0 -1.00000000
vn 0.0000000e+0 1.00000000 0.0000000e+0
vn 1.00000000 0.0000000e+0 0.0000000e+0
vn 0.70710678 -4.6789942e-16 0.70710678
vn 0.70710678 -4.6789942e-16 0.70710678
vn 0.0000000e+0 -1.00000000 0.0000000e+0
vn -0.70710678 0.0000000e+0 0.70710678
vn 0.70710678 -4.6789942e-16 0.70710678
vn 0.70710678 -4.6789942e-16 0.70710678
vn 0.0000000e+0 -1.00000000 0.0000000e+0
vn 0.70710678 0.0000000e+0 -0.70710678
vn 0.70710678 4.6789942e-16 0.70710678
vn 0.70710678 4.6789942e-16 0.70710678
vn 0.70710678 0.0000000e+0 -0.70710678
vn 0.0000000e+0 1.00000000 0.0000000e+0
vn 0.70710678 4.6789942e-16 0.70710678
vn 0.70710678 4.6789942e-16 0.70710678
vn 0.0000000e+0 1.00000000 0.0000000e+0
vn -0.70710678 0.0000000e+0 0.70710678
vn -0.70710678 4.6789942e-16 0.70710678
vn -0.70710678 4.6789942e-16 0.70710678
vn 0.0000000e+0 -1.00000000 0.0000000e+0
vn -0.70710678 0.0000000e+0 -0.70710678
vn -0.70710678 4.6789942e-16 0.70710678
vn -0.70710678 4.6789942e-16 0.70710678
vn 0.0000000e+0 -1.00000000 0.0000000e+0
vn 0.70710678 0.0000000e+0 0.70710678
vn -0.70710678 -4.6789942e-16 0.70710678
vn -0.70710678 -4.6789942e-16 0.70710678
vn 0.70710678 0.0000000e+0 0.70710678
vn 0.0000000e+0 1.00000000 0.0000000e+0
vn -0.70710678 -4.6789942e-16 0.70710678
vn -0.70710678 -4.6789942e-16 0.70710678
vn 0.0000000e+0 1.00000000 0.0000000e+0
vn -0.70710678 0.0000000e+0 -0.70710678
vn -0.70710678 0.0000000e+0 -0.70710678
vn -0.70710678 0.0000000e+0 -0.70710678
vn 0.0000000e+0 -1.00000000 0.0000000e+0
vn 0.70710678 0.0000000e+0 -0.70710678
vn -0.70710678 0.0000000e+0 -0.70710678
vn -0.70710678 0.0000000e+0 -0.70710678
vn 0.0000000e+0 -1.00000000 0.0000000e+0
vn -0.70710678 0.0000000e+0 0.70710678
vn -0.70710678 0.0000000e+0 -0.70710678
vn -0.70710678 0.0000000e+0 -0.70710678
vn -0.70710678 0.0000000e+0 0.70710678
vn 0.0000000e+0 1.00000000 0.0000000e+0
vn -0.70710678 0.0000000e+0 -0.70710678
vn -0.70710678 0.0000000e+0 -0.70710678
vn 0.0000000e+0 1.00000000 0.0000000e+0
vn 0.70710678 0.0000000e+0 -0.70710678
vn 0.70710678 -4.6789942e-16 -0.70710678
vn 0.70710678 -4.6789942e-16 -0.70710678
vn 0.0000000e+0 -1.00000000 0.0000000e+0
vn 0.70710678 0.0000000e+0 0.70710678
vn 0.70710678 -4.6789942e-16 -0.70710678
vn 0.70710678 -4.6789942e-16 -0.70710678
vn 0.0000000e+0 -1.00000000 0.0000000e+0
vn -0.70710678 0.0000000e+0 -0.70710678
vn 0.70710678 4.6789942e-16 -0.70710678
vn 0.70710678 4.6789942e-16 -0.70710678
vn -0.70710678 0.0000000e+0 -0.70710678
vn 0.0000000e+0 1.00000000 0.0000000e+0
vn 0.70710678 4.6789942e-16 -0.70710678
vn 0.70710678 4.6789942e-16 -0.70710678
vn 0.0000000e+0 1.00000000 0.0000000e+0
vn 0.70710678 0.0000000e+0 0.70710678
vn 1.00000000 0.0000000e+0 0.0000000e+0
vn 0.0000000e+0 -1.00000000 0.0000000e+0
vn 0.0000000e+0 0.0000000e+0 1.00000000
vn 1.00000000 0.0000000e+0 0.0000000e+0
vn 0.0000000e+0 -1.00000000 0.0000000e+0
vn 0.0000000e+0 0.0000000e+0 -1.00000000
vn 1.00000000 0.0000000e+0 0.0000000e+0
vn 0.0000000e+0 0.0000000e+0 -1.00000000
vn 0.0000000e+0 1.00000000 0.0000000e+0
vn 1.00000000 0.0000000e+0 0.0000000e+0
vn 0.0000000e+0 1.00000000 0.0000000e+0
vn 0.0000000e+0 0.0000000e+0 1.00000000
vn 0.70710678 0.0000000e+0 0.70710678
vn 0.0000000e+0 -1.00000000 0.0000000e+0
vn -0.70710678 0.0000000e+0 0.70710678
vn 0.70710678 0.0000000e+0 0.70710678
vn 0.0000000e+0 -1.00000000 0.0000000e+0
vn 0.70710678 0.0000000e+0 -0.70710678
vn 0.70710678 0.0000000e+0 0.70710678
vn 0.70710678 0.0000000e+0 -0.70710678
vn 0.0000000e+0 1.00000000 0.0000000e+0
vn 0.70710678 0.0000000e+0 0.70710678
vn 0.0000000e+0 1.00000000 0.0000000e+0
vn -0.70710678 0.0000000e+0 0.70710678
vn 0.0000000e+0 0.0000000e+0 1.00000000
vn 0.0000000e+0 -1.00000000 0.0000000e+0
vn -1.00000000 0.0000000e+0 0.0000000e+0
vn 0.0000000e+0 0.0000000e+0 1.00000000
vn 0.0000000e+0 -1.00000000 0.0000000e+0
vn 1.00000000 0.0000000e+0 0.0000000e+0
vn 0.0000000e+0 0.0000000e+0 1.00000000
vn 1.00000000 0.0000000e+0 0.0000000e+0
vn 0.0000000e+0 1.00000000 0.0000000e+0
vn 0.0000000e+0 0.0000000e+0 1.00000000
vn 0.0000000e+0 1.00000000 0.0000000e+0
vn -1.00000000 0.0000000e+0 0.0000000e+0
vn -0.70710678 0.0000000e+0 0.70710678
vn 0.0000000e+0 -1.00000000 0.0000000e+0
vn -0.70710678 0.0000000e+0 -0.70710678
vn -0.70710678 0.0000000e+0 0.70710678
vn 0.0000000e+0 -1.00000000 0.0000000e+0
vn 0.70710678 0.0000000e+0 0.70710678
vn -0.70710678 0.0000000e+0 0.70710678
vn 0.70710678 0.0000000e+0 0.70710678
vn 0.0000000e+0 1.00000000 0.0000000e+0
vn -0.70710678 0.0000000e+0 0.70710678
vn 0.0000000e+0 1.00000000 0.0000000e+0
vn -0.70710678 0.0000000e+0 -0.70710678
vn -1.00000000 0.0000000e+0 2.9471278e-16
vn 0.0000000e+0 -1.00000000 0.0000000e+0
vn 0.0000000e+0 0.0000000e+0 -1.00000000
vn -1.00000000 0.0000000e+0 2.9471278e-16
vn 0.0000000e+0 -1.00000000 0.0000000e+0
vn 0.0000000e+0 0.0000000e+0 1.00000000
vn -1.00000000 0.0000000e+0 2.9471278e-16
vn 0.0000000e+0 0.0000000e+0 1.00000000
vn 0.0000000e+0 1.00000000 0.0000000e+0
vn -1.00000000 0.0000000e+0 2.9471278e-16
vn 0.0000000e+0 1.00000000 0.0000000e+0
vn 0.0000000e+0 0.0000000e+0 -1.00000000
vn -0.70710678 0.0000000e+0 -0.70710678
vn 0.0000000e+0 -1.00000000 0.0000000e+0
vn 0.70710678 0.0000000e+0 -0.70710678
vn -0.70710678 0.0000000e+0 -0.70710678
vn 0.0000000e+0 -1.00000000 0.0000000e+0
vn -0.70710678 0.0000000e+0 0.70710678
vn -0.70710678 0.0000000e+0 -0.70710678
vn -0.70710678 0.0000000e+0 0.70710678
vn 0.0000000e+0 1.00000000 0.0000000e+0
vn -0.70710678 0.0000000e+0 -0.70710678
vn 0.0000000e+0 1.00000000 0.0000000e+0
vn 0.70710678 0.0000000e+0 -0.70710678
vn -4.4206917e-16 0.0000000e+0 -1.00000000
vn 0.0000000e+0 -1.00000000 0.0000000e+0
vn 1.00000000 0.0000000e+0 0.0000000e+0
vn -4.4206917e-16 0.0000000e+0 -1.00000000
vn 0.0000000e+0 -1.00000000 0.0000000e+0
vn -1.00000000 0.0000000e+0 0.0000000e+0
vn -4.4206917e-16 0.0000000e+0 -1.00000000
vn -1.00000000 0.0000000e+0 0.0000000e+0
vn 0.0000000e+0 1.00000000 0.0000000e+0
vn -4.4206917e-16 0.0000000e+0 -1.00000000
vn 0.0000000e+0 1.00000000 0.0000000e+0
vn 1.00000000 0.0000000e+0 0.0000000e+0
vn 0.70710678 0.0000000e+0 -0.70710678
vn 0.0000000e+0 -1.00000000 0.0000000e+0
vn 0.70710678 0.0000000e+0 0.70710678
vn 0.70710678 0.0000000e+0 -0.70710678
vn 0.0000000e+0 -1.00000000 0.0000000e+0
vn -0.70710678 0.0000000e+0 -0.70710678
vn 0.70710678 0.0000000e+0 -0.70710678
vn -0.70710678 0.0000000e+0 -0.70710678
vn 0.0000000e+0 1.00000000 0.0000000e+0
vn 0.70710678 0.0000000e+0 -0.70710678
vn 0.0000000e+0 1.00000000 0.0000000e+0
vn 0.70710678 0.0000000e+0 0.70710678
g Cylinder1_default
usemtl default
s 1
f 1//59 72//24 49//1 2//63
f 2//64 49//1 50//2 3//68
f 3//67 50//2 51//3 4//72
f 4//71 51//3 52//4 5//76
f 5//75 52//4 53//5 6//80
f 6//79 53//5 54//6 7//84
f 7//83 54//6 55//7 8//88
f 8//87 55//7 56//8 9//92
f 9//91 56//8 57//9 10//96
f 10//95 57//9 58//10 11//100
f 11//99 58//10 59//11 12//104
f 12//103 59//11 60//12 13//108
f 13//107 60//12 61//13 14//112
f 14//111 61//13 62//14 15//116
f 15//115 62//14 63//15 16//120
f 16//119 63//15 64//16 17//124
f 17//123 64//16 65//17 18//128
f 18//127 65//17 66//18 19//132
f 19//131 66//18 67//19 20//136
f 20//135 67//19 68//20 21//140
f 21//139 68//20 69//21 22//144
f 22//143 69//21 70//22 23//148
f 23//147 70//22 71//23 24//152
f 24//151 71//23 72//24 1//60
f 73//202 82//216 81//211 79//207
f 74//25 82//214 73//201
f 76//204 75//26 81//210
f 77//27 82//218 74//25
f 79//208 81//213 80//28
f 80//28 81//212 75//26
f 81//209 82//215 78//205 76//203
f 82//217 77//27 78//206
f 83//220 92//234 91//229 89//225
f 84//29 92//232 83//219
f 86//222 85//30 91//228
f 87//31 92//236 84//29
f 89//226 91//231 90//32
f 90//32 91//230 85//30
f 91//227 92//233 88//223 86//221
f 92//235 87//31 88//224
f 93//238 102//252 101//247 99//243
f 94//33 102//250 93//237
f 96//240 95//34 101//246
f 97//35 102//254 94//33
f 99//244 101//249 100//36
f 100//36 101//248 95//34
f 101//245 102//251 98//241 96//239
f 102//253 97//35 98//242
f 103//256 112//270 111//265 109//261
f 104//37 112//268 103//255
f 106//258 105//38 111//264
f 107//39 112//272 104//37
f 109//262 111//267 110//40
f 110//40 111//266 105//38
f 111//263 112//269 108//259 106//257
f 112//271 107//39 108//260
f 113//273 122//286 114//41
f 114//41 122//290 117//43
f 115//42 121//284 120//44
f 116//275 118//277 122//287 121//281
f 118//278 117//43 122//289
f 119//279 121//283 122//288 113//274
f 120//44 121//285 119//280
f 121//282 115//42 116//276
f 123//291 132//304 124//45
f 124//45 132//308 127//47
f 125//46 131//302 130//48
f 126//293 128//295 132//305 131//299
f 128//296 127//47 132//307
f 129//297 131//301 132//306 123//292
f 130//48 131//303 129//298
f 131//300 125//46 126//294
f 133//309 142//322 134//49
f 134//49 142//326 137//51
f 135//50 141//320 140//52
f 136//311 138//313 142//323 141//317
f 138//314 137//51 142//325
f 139//315 141//319 142//324 133//310
f 140//52 141//321 139//316
f 141//318 135//50 136//312
f 143//327 152//340 144//53
f 144//53 152//344 147//55
f 145//54 151//338 150//56
f 146//329 148//331 152//341 151//335
f 148//332 147//55 152//343
f 149//333 151//337 152//342 143//328
f 150//56 151//339 149//334
f 151//336 145//54 146//330
f 153//345 160//380 159//375 158//370 157//365 156//360 155//355 154//350
f 169//420 201//547 204//556 172//432
f 171//427 203//552 202//550 170//424
f 174//439 210//573 209//570 173//435
f 176//447 212//579 211//577 175//444
f 178//455 218//597 217//594 177//451
f 180//463 220//603 219//601 179//460
f 185//484 205//559 208//568 188//496
f 187//491 207//564 206//562 186//488
f 189//500 213//583 216//592 192//512
f 191//507 215//588 214//586 190//504
f 193//516 221//607 224//616 196//528
f 195//523 223//612 222//610 194//520
f 198//535 230//633 229//630 197//531
f 200//543 232//639 231//637 199//540
f 226//620 227//623 228//626 225//617
s 2
f 1//57 25//153 48//199 24//149
f 2//62 26//156 25//154 1//58
f 3//66 27//158 26//155 2//61
f 4//70 28//160 27//157 3//65
f 5//74 29//162 28//159 4//69
f 6//78 30//164 29//161 5//73
f 7//82 31//166 30//163 6//77
f 8//86 32//168 31//165 7//81
f 9//90 33//170 32//167 8//85
f 10//94 34//172 33//169 9//89
f 11//98 35//174 34//171 10//93
f 12//102 36//176 35//173 11//97
f 13//106 37//178 36//175 12//101
f 14//110 38//180 37//177 13//105
f 15//114 39//182 38//179 14//109
f 16//118 40//184 39//181 15//113
f 17//122 41//186 40//183 16//117
f 18//126 42//188 41//185 17//121
f 19//130 43//190 42//187 18//125
f 20//134 44//192 43//189 19//129
f 21//138 45//194 44//191 20//133
f 22//142 46//196 45//193 21//137
f 23//146 47//198 46//195 22//141
f 24//150 48//200 47//197 23//145
f 173//436 209//571 212//580 176//448
f 175//443 211//576 210//574 174//440
f 177//452 217//595 220//604 180//464
f 179//459 219//600 218//598 178//456
f 182//471 226//621 225//618 181//467
f 184//479 228//627 227//625 183//476
f 190//503 214//585 213//582 189//499
f 192//511 216//591 215//589 191//508
f 194//519 222//609 221//606 193//515
f 196//527 224//615 223//613 195//524
f 202//548 203//551 204//554 201//545
f 206//560 207//563 208//566 205//557
f 230//632 231//635 232//638 229//629
s 3
f 170//423 202//549 201//546 169//419
f 172//431 204//555 203//553 171//428
f 181//468 225//619 228//628 184//480
f 183//475 227//624 226//622 182//472
f 186//487 206//561 205//558 185//483
f 188//495 208//567 207//565 187//492
f 197//532 229//631 232//640 200//544
f 199//539 231//636 230//634 198//536
f 210//572 211//575 212//578 209//569
f 214//584 215//587 216//590 213//581
f 218//596 219//599 220//602 217//593
f 222//608 223//611 224//614 221//605
s 4
f 153//347 169//418 172//430 161//386
f 153//348 198//533 197//529 160//383
f 154//351 170//421 169//417 153//346
f 154//354 185//482 188//494 162//392
f 155//357 173//434 176//446 163//394
f 155//358 186//485 185//481 154//353
f 156//361 174//437 173//433 155//356
f 156//364 189//498 192//510 164//400
f 157//367 177//450 180//462 165//402
f 157//368 190//501 189//497 156//363
f 158//371 178//453 177//449 157//366
f 158//374 193//514 196//526 166//408
f 159//377 181//466 184//478 167//410
f 159//378 194//517 193//513 158//373
f 160//381 182//469 181//465 159//376
f 160//384 197//530 200//542 168//416
f 161//385 172//429 171//426 162//390
f 161//387 199//537 198//534 153//349
f 162//389 171//425 170//422 154//352
f 162//391 188//493 187//490 163//396
f 163//393 176//445 175//442 164//398
f 163//395 187//489 186//486 155//359
f 164//397 175//441 174//438 156//362
f 164//399 192//509 191//506 165//404
f 165//401 180//461 179//458 166//406
