# Exported from Wings 3D 1.5.4
mtllib coll2.mtl
o coll
#16 vertices, 10 faces
v 0.37500000 0.16250000 2.1317502e-17
v 0.26516504 0.16250000 0.26516504
v -3.9530393e-17 0.16250000 0.37500000
v -0.26516504 0.16250000 0.26516504
v -0.37500000 0.16250000 5.3279019e-17
v -0.26516504 0.16250000 -0.26516504
v -1.1741616e-16 0.16250000 -0.37500000
v 0.26516504 0.16250000 -0.26516504
v 0.37500000 0.12500000 2.2015639e-17
v 0.26516504 0.12500000 0.26516504
v -3.9530393e-17 0.12500000 0.37500000
v -0.26516504 0.12500000 0.26516504
v -0.37500000 0.12500000 5.3977156e-17
v -0.26516504 0.12500000 -0.26516504
v -1.1741616e-16 0.12500000 -0.37500000
v 0.26516504 0.12500000 -0.26516504
vn -3.8736729e-33 1.00000000 5.2336415e-17
vn 0.92387953 0.0000000e+0 -0.38268343
vn 0.92387953 0.0000000e+0 0.38268343
vn -3.8736729e-33 1.00000000 5.2336415e-17
vn 0.38268343 0.0000000e+0 0.92387953
vn 0.92387953 0.0000000e+0 0.38268343
vn -3.8736729e-33 1.00000000 5.2336415e-17
vn -0.38268343 0.0000000e+0 0.92387953
vn 0.38268343 0.0000000e+0 0.92387953
vn -3.8736729e-33 1.00000000 5.2336415e-17
vn -0.92387953 0.0000000e+0 0.38268343
vn -0.38268343 0.0000000e+0 0.92387953
vn -3.8736729e-33 1.00000000 5.2336415e-17
vn -0.92387953 0.0000000e+0 -0.38268343
vn -0.92387953 0.0000000e+0 0.38268343
vn -3.8736729e-33 1.00000000 5.2336415e-17
vn -0.38268343 0.0000000e+0 -0.92387953
vn -0.92387953 0.0000000e+0 -0.38268343
vn -3.8736729e-33 1.00000000 5.2336415e-17
vn 0.38268343 0.0000000e+0 -0.92387953
vn -0.38268343 0.0000000e+0 -0.92387953
vn -3.8736729e-33 1.00000000 5.2336415e-17
vn 0.92387953 0.0000000e+0 -0.38268343
vn 0.38268343 0.0000000e+0 -0.92387953
vn 1.9368364e-33 -1.00000000 7.4143255e-17
vn 0.92387953 0.0000000e+0 -0.38268343
vn 0.92387953 0.0000000e+0 0.38268343
vn 1.9368364e-33 -1.00000000 7.4143255e-17
vn 0.38268343 0.0000000e+0 0.92387953
vn 0.92387953 0.0000000e+0 0.38268343
vn 1.9368364e-33 -1.00000000 7.4143255e-17
vn -0.38268343 0.0000000e+0 0.92387953
vn 0.38268343 0.0000000e+0 0.92387953
vn 1.9368364e-33 -1.00000000 7.4143255e-17
vn -0.92387953 0.0000000e+0 0.38268343
vn -0.38268343 0.0000000e+0 0.92387953
vn 1.9368364e-33 -1.00000000 7.4143255e-17
vn -0.92387953 0.0000000e+0 -0.38268343
vn -0.92387953 0.0000000e+0 0.38268343
vn 1.9368364e-33 -1.00000000 7.4143255e-17
vn -0.38268343 0.0000000e+0 -0.92387953
vn -0.92387953 0.0000000e+0 -0.38268343
vn 1.9368364e-33 -1.00000000 7.4143255e-17
vn 0.38268343 0.0000000e+0 -0.92387953
vn -0.38268343 0.0000000e+0 -0.92387953
vn 1.9368364e-33 -1.00000000 7.4143255e-17
vn 0.92387953 0.0000000e+0 -0.38268343
vn 0.38268343 0.0000000e+0 -0.92387953
g coll_default
usemtl default
s 1
f 1//2 9//26 16//47 8//23
f 4//12 12//36 11//32 3//8
f 6//18 14//42 13//38 5//14
s 2
f 2//6 10//30 9//27 1//3
f 5//15 13//39 12//35 4//11
f 7//21 15//45 14//41 6//17
s 3
f 1//1 8//22 7//19 6//16 5//13 4//10 3//7 2//4
f 10//28 11//31 12//34 13//37 14//40 15//43 16//46 9//25
s 4
f 3//9 11//33 10//29 2//5
f 8//24 16//48 15//44 7//20
