# Exported from Wings 3D 1.5.4
mtllib Tantares_SolarBasic_A_Pivot.mtl
o Tantares_SolarBasic_A_Pivot
#40 vertices, 29 faces
v 2.0000000e-2 5.4134315e-18 1.2500000e-2
v 1.7320508e-2 -1.0000000e-2 1.2500000e-2
v 1.0000000e-2 -1.7320508e-2 1.2500000e-2
v -8.9443567e-17 -2.0000000e-2 1.2500000e-2
v -1.0000000e-2 -1.7320508e-2 1.2500000e-2
v -1.7320508e-2 -1.0000000e-2 1.2500000e-2
v -2.0000000e-2 2.9641379e-18 1.2500000e-2
v -1.7320508e-2 1.0000000e-2 1.2500000e-2
v -1.0000000e-2 1.7320508e-2 1.2500000e-2
v -9.4342154e-17 2.0000000e-2 1.2500000e-2
v 1.0000000e-2 1.7320508e-2 1.2500000e-2
v 1.7320508e-2 1.0000000e-2 1.2500000e-2
v 2.0000000e-2 2.9641379e-18 -1.2500000e-2
v 1.7320508e-2 -1.0000000e-2 -1.2500000e-2
v 1.0000000e-2 -1.7320508e-2 -1.2500000e-2
v -8.9443567e-17 -2.0000000e-2 -1.2500000e-2
v -1.0000000e-2 -1.7320508e-2 -1.2500000e-2
v -1.7320508e-2 -1.0000000e-2 -1.2500000e-2
v -2.0000000e-2 5.1484433e-19 -1.2500000e-2
v -1.7320508e-2 1.0000000e-2 -1.2500000e-2
v -1.0000000e-2 1.7320508e-2 -1.2500000e-2
v -9.4342154e-17 2.0000000e-2 -1.2500000e-2
v 1.0000000e-2 1.7320508e-2 -1.2500000e-2
v 1.7320508e-2 1.0000000e-2 -1.2500000e-2
v -0.50000000 5.0000000e-3 2.7616798e-17
v -0.50000000 7.9652298e-19 5.0000000e-3
v -0.50000000 -5.0000000e-3 2.8229121e-17
v -0.50000000 -4.2812382e-19 -5.0000000e-3
v 0.50000000 5.0000000e-3 2.7616798e-17
v 0.50000000 1.8419958e-19 5.0000000e-3
v 0.50000000 -5.0000000e-3 2.8229121e-17
v 0.50000000 -1.0404472e-18 -5.0000000e-3
v 2.0000000e-2 -7.4653199e-19 -5.0000000e-3
v 2.0000000e-2 4.7811481e-19 5.0000000e-3
v 1.8660254e-2 5.0000000e-3 2.7616798e-17
v 1.8660254e-2 -5.0000000e-3 2.8229121e-17
v -2.0000000e-2 -7.2203905e-19 -5.0000000e-3
v -2.0000000e-2 5.0260774e-19 5.0000000e-3
v -1.8660254e-2 5.0000000e-3 2.7616798e-17
v -1.8660254e-2 -5.0000000e-3 2.8229121e-17
vt 0.10635144 0.38538615
vt 0.10635144 0.68743080
vt 0.10635144 0.38538615
vt 0.10635144 0.68743080
vt 0.10635144 0.38538615
vt 0.10635144 0.38538615
vt 0.10635144 0.68743080
vt 0.10635144 0.68743080
vt 0.10635144 0.38538615
vt 0.10635144 0.68743080
vt 0.12154218 0.68743080
vt 0.12154218 0.38538615
vt 0.12154218 0.38538615
vt 0.12154218 0.68743080
vt 0.12154218 0.38538615
vt 0.12154218 0.38538615
vt 0.12154218 0.68743080
vt 0.12154218 0.68743080
vt 0.12154218 0.38538615
vt 0.12154218 0.68743080
vt 0.17940879 0.31284246
vt 0.17940879 0.31607116
vt 0.17940879 0.32489216
vt 0.17940879 0.33694186
vt 0.17940879 0.34899156
vt 0.17940879 0.35781255
vt 0.17940879 0.36104126
vt 0.17940879 0.31284246
vt 0.17940879 0.31607116
vt 0.17940879 0.32489216
vt 0.17940879 0.33694186
vt 0.17940879 0.34899156
vt 0.17940879 0.35781255
vt 0.17940879 0.36104126
vt 0.17943139 0.28727709
vt 0.18143007 0.27981791
vt 0.18143007 0.29473627
vt 0.18689057 0.27435741
vt 0.18689057 0.30019677
vt 0.18844606 0.33694186
vt 0.18844606 0.33694186
vt 0.19434975 0.27235873
vt 0.19434975 0.30219545
vt 0.19447091 0.33091701
vt 0.19447091 0.34296671
vt 0.19447091 0.33091701
vt 0.19447091 0.34296671
vt 0.20049577 0.33694186
vt 0.20049577 0.33694186
vt 0.20180893 0.27435741
vt 0.20180893 0.30019677
vt 0.20726943 0.27981791
vt 0.20726943 0.29473627
vt 0.20926811 0.28727709
vt 0.20953304 0.31284246
vt 0.20953304 0.31607116
vt 0.20953304 0.32489216
vt 0.20953304 0.33694186
vt 0.20953304 0.34899156
vt 0.20953304 0.35781255
vt 0.20953304 0.36104126
vt 0.20953304 0.31284246
vt 0.20953304 0.31607116
vt 0.20953304 0.32489216
vt 0.20953304 0.33694186
vt 0.20953304 0.34899156
vt 0.20953304 0.35781255
vt 0.20953304 0.36104126
vn 1.00000000 1.2355915e-15 1.0425021e-17
vn 1.00000000 1.2355915e-15 1.0425021e-17
vn 0.90707274 -0.42097392 6.3617381e-16
vn 0.90707274 -0.42097392 6.3617381e-16
vn 0.90707274 -0.42097392 6.3617381e-16
vn 0.50000000 -0.86602540 1.1180835e-16
vn 0.50000000 -0.86602540 1.1180835e-16
vn 5.7469373e-17 -1.00000000 1.4230154e-16
vn 5.7469373e-17 -1.00000000 1.4230154e-16
vn -0.50000000 -0.86602540 1.2536088e-16
vn -0.50000000 -0.86602540 1.2536088e-16
vn -0.90707274 -0.42097392 7.9954380e-16
vn -0.90707274 -0.42097392 7.9954380e-16
vn -0.90707274 -0.42097392 7.9954380e-16
vn -1.00000000 -2.2987749e-16 2.1319168e-15
vn -1.00000000 -2.2987749e-16 2.1319168e-15
vn -0.90707274 0.42097392 6.2509788e-16
vn -0.90707274 0.42097392 6.2509788e-16
vn -0.90707274 0.42097392 6.2509788e-16
vn -0.50000000 0.86602540 -1.1180835e-16
vn -0.50000000 0.86602540 -1.1180835e-16
vn -4.5975498e-16 1.00000000 -1.3891340e-16
vn -4.5975498e-16 1.00000000 -1.3891340e-16
vn 0.50000000 0.86602540 -1.2197274e-16
vn 0.50000000 0.86602540 -1.2197274e-16
vn 0.90707274 0.42097392 -6.5624893e-16
vn 0.90707274 0.42097392 -6.5624893e-16
vn 0.90707274 0.42097392 -6.5624893e-16
vn 6.7762636e-17 -1.4456029e-17 -1.00000000
vn 1.00000000 1.2355915e-15 -1.5637531e-17
vn 1.00000000 1.2355915e-15 -1.5637531e-17
vn 6.7762636e-17 -1.4456029e-17 -1.00000000
vn 0.90707274 -0.42097392 -5.6487250e-16
vn 0.90707274 -0.42097392 -5.6487250e-16
vn 0.90707274 -0.42097392 -5.6487250e-16
vn 6.7762636e-17 -1.4456029e-17 -1.00000000
vn 0.50000000 -0.86602540 1.1180835e-16
vn 0.50000000 -0.86602540 1.1180835e-16
vn 6.7762636e-17 -1.4456029e-17 -1.00000000
vn 5.7469373e-17 -1.00000000 1.4230154e-16
vn 5.7469373e-17 -1.00000000 1.4230154e-16
vn 6.7762636e-17 -1.4456029e-17 -1.00000000
vn -0.50000000 -0.86602540 1.2536088e-16
vn -0.50000000 -0.86602540 1.2536088e-16
vn 6.7762636e-17 -1.4456029e-17 -1.00000000
vn -0.90707274 -0.42097392 -6.8878448e-16
vn -0.90707274 -0.42097392 -6.8878448e-16
vn -0.90707274 -0.42097392 -6.8878448e-16
vn 6.7762636e-17 -1.4456029e-17 -1.00000000
vn -1.00000000 -1.4367343e-16 -2.1214918e-15
vn -1.00000000 -1.4367343e-16 -2.1214918e-15
vn 6.7762636e-17 -1.4456029e-17 -1.00000000
vn -0.90707274 0.42097392 -7.1093634e-16
vn -0.90707274 0.42097392 -7.1093634e-16
vn -0.90707274 0.42097392 -7.1093634e-16
vn 6.7762636e-17 -1.4456029e-17 -1.00000000
vn -0.50000000 0.86602540 -1.1180835e-16
vn -0.50000000 0.86602540 -1.1180835e-16
vn 6.7762636e-17 -1.4456029e-17 -1.00000000
vn -4.5975498e-16 1.00000000 -1.3891340e-16
vn -4.5975498e-16 1.00000000 -1.3891340e-16
vn 6.7762636e-17 -1.4456029e-17 -1.00000000
vn 0.50000000 0.86602540 -1.2197274e-16
vn 0.50000000 0.86602540 -1.2197274e-16
vn 6.7762636e-17 -1.4456029e-17 -1.00000000
vn 0.90707274 0.42097392 5.2749123e-16
vn 0.90707274 0.42097392 5.2749123e-16
vn 0.90707274 0.42097392 5.2749123e-16
vn 9.9684673e-19 0.70710678 -0.70710678
vn 9.9684673e-19 0.70710678 0.70710678
vn -4.9842337e-19 -0.70710678 0.70710678
vn 9.9684673e-19 0.70710678 0.70710678
vn -9.9684673e-19 -0.70710678 -0.70710678
vn -4.9842337e-19 -0.70710678 0.70710678
vn 9.9684673e-19 0.70710678 -0.70710678
vn -9.9684673e-19 -0.70710678 -0.70710678
vn 0.0000000e+0 0.70710678 -0.70710678
vn 9.9684673e-19 0.70710678 0.70710678
vn 9.9684673e-19 0.70710678 0.70710678
vn -4.9842337e-19 -0.70710678 0.70710678
vn 0.0000000e+0 -0.70710678 -0.70710678
vn -4.9842337e-19 -0.70710678 0.70710678
vn 0.0000000e+0 0.70710678 -0.70710678
vn 0.0000000e+0 -0.70710678 -0.70710678
vn 0.0000000e+0 0.70710678 -0.70710678
vn 0.0000000e+0 -0.70710678 -0.70710678
vn 1.00000000 1.2355915e-15 -1.5637531e-17
vn 1.00000000 1.2355915e-15 -1.5637531e-17
vn 9.9684673e-19 0.70710678 0.70710678
vn -4.9842337e-19 -0.70710678 0.70710678
vn 1.00000000 1.2355915e-15 1.0425021e-17
vn 1.00000000 1.2355915e-15 1.0425021e-17
vn 0.0000000e+0 0.70710678 -0.70710678
vn 9.9684673e-19 0.70710678 0.70710678
vn 0.96592583 0.25881905 -3.7593908e-17
vn 0.96592583 0.25881905 -3.7593908e-17
vn 0.96592583 0.25881905 -3.7593908e-17
vn 0.0000000e+0 -0.70710678 -0.70710678
vn -4.9842337e-19 -0.70710678 0.70710678
vn 0.96592583 -0.25881905 1.6782995e-17
vn 0.96592583 -0.25881905 1.6782995e-17
vn 0.96592583 -0.25881905 1.6782995e-17
vn 9.9684673e-19 0.70710678 -0.70710678
vn -9.9684673e-19 -0.70710678 -0.70710678
vn -1.00000000 -1.4367343e-16 -2.1214918e-15
vn -1.00000000 -1.4367343e-16 -2.1214918e-15
vn -4.9842337e-19 -0.70710678 0.70710678
vn 9.9684673e-19 0.70710678 0.70710678
vn -1.00000000 -2.2987749e-16 2.1319168e-15
vn -1.00000000 -2.2987749e-16 2.1319168e-15
vn 9.9684673e-19 0.70710678 -0.70710678
vn 9.9684673e-19 0.70710678 0.70710678
vn -0.96592583 0.25881905 -2.2153553e-17
vn -0.96592583 0.25881905 -2.2153553e-17
vn -0.96592583 0.25881905 -2.2153553e-17
vn -9.9684673e-19 -0.70710678 -0.70710678
vn -4.9842337e-19 -0.70710678 0.70710678
vn -0.96592583 -0.25881905 2.8866751e-17
vn -0.96592583 -0.25881905 2.8866751e-17
vn -0.96592583 -0.25881905 2.8866751e-17
g Tantares_SolarBasic_A_Pivot_Tantares_SolarBasic_A_Pivot_auv
usemtl Tantares_SolarBasic_A_Pivot_auv
s 1
f 14/36/32 15/38/36 16/42/39 17/50/42 18/52/45 19/54/49 20/53/52 21/51/56 22/43/59 23/39/62 24/37/65 13/35/29
f 29/8/78 35/6/94 34/16/89 30/18/79
f 31/12/81 36/11/98 33/2/86 32/1/84
s 2
f 25/2/69 39/1/111 37/12/103 28/11/75
f 27/15/74 40/17/117 38/7/107 26/5/71
f 30/4/80 34/3/90 36/13/99 31/14/82
f 32/4/83 33/3/85 35/13/93 29/14/77
s 3
f 26/15/72 38/17/108 39/7/112 25/5/70
f 28/10/76 37/9/104 40/19/116 27/20/73
s 4
f 1/58/2 34/48/92 35/44/97 12/57/28
f 2/59/4 36/45/100 34/48/91 1/58/1
f 3/60/7 15/26/38 14/25/33 2/59/3
f 4/61/9 16/27/41 15/26/37 3/60/6
f 5/63/11 17/29/44 16/28/40 4/62/8
f 6/64/12 18/30/46 17/29/43 5/63/10
f 6/64/14 40/46/120 18/30/48
f 7/65/15 38/49/109 40/46/118 6/64/13
f 8/66/18 39/47/113 38/49/110 7/65/16
f 9/67/21 21/33/58 20/32/53 8/66/17
f 10/68/23 22/34/61 21/33/57 9/67/20
f 11/56/25 23/22/64 22/21/60 10/55/22
f 12/57/26 24/23/66 23/22/63 11/56/24
f 12/57/27 35/44/96 24/23/68
f 13/24/31 33/40/88 36/45/102 14/25/35
f 14/25/34 36/45/101 2/59/5
f 18/30/47 40/46/119 37/41/106 19/31/51
f 19/31/50 37/41/105 39/47/114 20/32/54
f 20/32/55 39/47/115 8/66/19
f 24/23/67 35/44/95 33/40/87 13/24/30
