# Exported from Wings 3D 1.5.4
mtllib Eridani_Antenna_4.mtl
o Eridani_Antenna_4
#24 vertices, 14 faces
v 0.30000000 -0.12573593 0.22500000
v 0.30000000 -0.37426407 0.22500000
v 0.12426407 -0.55000000 0.22500000
v -0.12426407 -0.55000000 0.22500000
v -0.30000000 -0.37426407 0.22500000
v -0.30000000 -0.12573593 0.22500000
v -0.12426407 5.0000000e-2 0.22500000
v 0.12426407 5.0000000e-2 0.22500000
v 0.30000000 -0.12573593 -7.5000000e-2
v 0.30000000 -0.37426407 -7.5000000e-2
v 0.12426407 -0.55000000 -7.5000000e-2
v -0.12426407 -0.55000000 -7.5000000e-2
v -0.30000000 -0.37426407 -7.5000000e-2
v -0.30000000 -0.12573593 -7.5000000e-2
v -0.12426407 5.0000000e-2 -7.5000000e-2
v 0.12426407 5.0000000e-2 -7.5000000e-2
v 5.0000000e-2 5.0000000e-2 -7.5000000e-2
v -5.0000000e-2 5.0000000e-2 -7.5000000e-2
v -5.0000000e-2 -5.0000000e-2 -7.5000000e-2
v 5.0000000e-2 -5.0000000e-2 -7.5000000e-2
v -5.0000000e-2 5.0000000e-2 7.5000000e-2
v 5.0000000e-2 5.0000000e-2 7.5000000e-2
v 5.0000000e-2 -5.0000000e-2 7.5000000e-2
v -5.0000000e-2 -5.0000000e-2 7.5000000e-2
vt 0.78492900 0.83910278
vt 0.78492900 0.86794894
vt 0.78492900 0.87711405
vt 0.78492900 0.90596020
vt 0.80883578 0.83910278
vt 0.80883578 0.86794894
vt 0.80883578 0.87711405
vt 0.80883578 0.90596020
vt 0.80883938 0.83910278
vt 0.80883938 0.86794894
vt 0.80883938 0.87711405
vt 0.80883938 0.90596020
vt 0.83285706 0.83910278
vt 0.83285706 0.86794894
vt 0.83285706 0.87711405
vt 0.83285706 0.90596020
vt 0.83286040 0.83910278
vt 0.83286040 0.86794894
vt 0.83286040 0.87711405
vt 0.83286040 0.90596020
vt 0.83312350 0.91528948
vt 0.83312350 0.92490487
vt 0.83491039 0.78850435
vt 0.83491039 0.81240128
vt 0.84259499 0.91528948
vt 0.84259499 0.92490487
vt 0.85180807 0.77160666
vt 0.85180807 0.82929897
vt 0.85212254 0.91527680
vt 0.85212254 0.92938996
vt 0.85212254 0.91527680
vt 0.85212254 0.92938996
vt 0.85664970 0.83910278
vt 0.85664970 0.86794894
vt 0.85679095 0.83910278
vt 0.85679095 0.86794894
vt 0.85679095 0.87711405
vt 0.85679095 0.90596020
vt 0.85679537 0.87711405
vt 0.85679537 0.90596020
vt 0.86162170 0.91527680
vt 0.86162170 0.92938996
vt 0.86162170 0.91527680
vt 0.86162170 0.92938996
vt 0.86379047 0.83910278
vt 0.86379047 0.85352586
vt 0.87109371 0.91527680
vt 0.87109371 0.92938996
vt 0.87340586 0.83910278
vt 0.87340586 0.85352586
vt 0.87570501 0.77160666
vt 0.87570501 0.82929897
vt 0.88054663 0.83910278
vt 0.88054663 0.86794894
vt 0.88069230 0.87711405
vt 0.88069230 0.90596020
vt 0.88070909 0.91527680
vt 0.88070909 0.92938996
vt 0.89260269 0.78850435
vt 0.89260269 0.81240128
vt 0.90203600 0.78840184
vt 0.90203600 0.81229878
vt 0.91893368 0.77150416
vt 0.91893368 0.82919646
vt 0.92607446 0.81958108
vt 0.92607446 0.82919646
vt 0.93568985 0.81958108
vt 0.93568985 0.82919646
vt 0.94283062 0.77150416
vt 0.94283062 0.82919646
vt 0.95972831 0.78840184
vt 0.95972831 0.81229878
vn 2.3266627e-17 3.9484776e-17 1.00000000
vn 0.70710678 0.70710678 -9.3066510e-17
vn 1.00000000 0.0000000e+0 0.0000000e+0
vn 2.3266627e-17 3.9484776e-17 1.00000000
vn 0.70710678 -0.70710678 6.9799882e-17
vn 1.00000000 0.0000000e+0 0.0000000e+0
vn 2.3266627e-17 3.9484776e-17 1.00000000
vn 0.0000000e+0 -1.00000000 0.0000000e+0
vn 0.70710678 -0.70710678 6.9799882e-17
vn 2.3266627e-17 3.9484776e-17 1.00000000
vn -0.70710678 -0.70710678 0.0000000e+0
vn 0.0000000e+0 -1.00000000 0.0000000e+0
vn 2.3266627e-17 3.9484776e-17 1.00000000
vn -1.00000000 -2.2335962e-16 1.0332458e-32
vn -0.70710678 -0.70710678 0.0000000e+0
vn 2.3266627e-17 3.9484776e-17 1.00000000
vn -0.70710678 0.70710678 -9.3066510e-17
vn -1.00000000 -2.2335962e-16 1.0332458e-32
vn 2.3266627e-17 3.9484776e-17 1.00000000
vn -0.70710678 0.70710678 -9.3066510e-17
vn -1.3980676e-16 1.00000000 -2.4757447e-16
vn 2.3266627e-17 3.9484776e-17 1.00000000
vn 0.70710678 0.70710678 -9.3066510e-17
vn -1.3980676e-16 1.00000000 -2.4757447e-16
vn 0.70710678 0.70710678 -9.3066510e-17
vn 1.00000000 0.0000000e+0 0.0000000e+0
vn 2.4073841e-17 -4.0854663e-17 -1.00000000
vn 0.70710678 -0.70710678 6.9799882e-17
vn 1.00000000 0.0000000e+0 0.0000000e+0
vn 2.4073841e-17 -4.0854663e-17 -1.00000000
vn 0.0000000e+0 -1.00000000 0.0000000e+0
vn 0.70710678 -0.70710678 6.9799882e-17
vn 2.4073841e-17 -4.0854663e-17 -1.00000000
vn -0.70710678 -0.70710678 0.0000000e+0
vn 0.0000000e+0 -1.00000000 0.0000000e+0
vn 2.4073841e-17 -4.0854663e-17 -1.00000000
vn -1.00000000 -2.2335962e-16 1.0332458e-32
vn -0.70710678 -0.70710678 0.0000000e+0
vn 2.4073841e-17 -4.0854663e-17 -1.00000000
vn -0.70710678 0.70710678 -9.3066510e-17
vn -1.00000000 -2.2335962e-16 1.0332458e-32
vn 2.4073841e-17 -4.0854663e-17 -1.00000000
vn -0.70710678 0.70710678 -9.3066510e-17
vn 2.4073841e-17 -4.0854663e-17 -1.00000000
vn -1.3980676e-16 1.00000000 -2.4757447e-16
vn 0.70710678 0.70710678 -9.3066510e-17
vn 2.4073841e-17 -4.0854663e-17 -1.00000000
vn -1.3980676e-16 1.00000000 -2.4757447e-16
vn 2.4073841e-17 -4.0854663e-17 -1.00000000
vn -1.3980676e-16 1.00000000 -2.4757447e-16
vn -1.00000000 0.0000000e+0 0.0000000e+0
vn 2.4073841e-17 -4.0854663e-17 -1.00000000
vn -1.3980676e-16 1.00000000 -2.4757447e-16
vn 1.00000000 0.0000000e+0 0.0000000e+0
vn 2.4073841e-17 -4.0854663e-17 -1.00000000
vn -5.1358132e-32 1.00000000 -1.8503717e-16
vn 1.00000000 0.0000000e+0 0.0000000e+0
vn 2.4073841e-17 -4.0854663e-17 -1.00000000
vn -5.1358132e-32 1.00000000 -1.8503717e-16
vn -1.00000000 0.0000000e+0 0.0000000e+0
vn -1.3980676e-16 1.00000000 -2.4757447e-16
vn 1.00000000 0.0000000e+0 0.0000000e+0
vn -2.7755576e-16 -6.9388939e-16 -1.00000000
vn -1.3980676e-16 1.00000000 -2.4757447e-16
vn -1.00000000 0.0000000e+0 0.0000000e+0
vn -2.7755576e-16 -6.9388939e-16 -1.00000000
vn -5.1358132e-32 1.00000000 -1.8503717e-16
vn -1.00000000 0.0000000e+0 0.0000000e+0
vn -2.7755576e-16 -6.9388939e-16 -1.00000000
vn -5.1358132e-32 1.00000000 -1.8503717e-16
vn 1.00000000 0.0000000e+0 0.0000000e+0
vn -2.7755576e-16 -6.9388939e-16 -1.00000000
g Eridani_Antenna_4_Eridani_Antenna_4_auv
usemtl Eridani_Antenna_4_auv
s 1
f 2/16/6 10/15/29 9/7/26 1/8/3
f 4/56/12 12/55/35 11/39/31 3/40/8
f 7/36/20 15/35/43 14/17/40 6/18/17
f 19/47/56 24/48/70 23/58/67 20/57/59
s 2
f 3/38/9 11/37/32 10/19/28 2/20/5
f 5/10/15 13/9/38 12/1/34 4/2/11
f 7/34/21 8/54/24 16/53/48 17/49/50 22/50/64 21/46/61 18/45/53 15/33/45
s 3
f 1/24/1 8/28/22 7/52/19 6/60/16 5/59/13 4/51/10 3/27/7 2/23/4
f 18/31/54 21/32/62 24/44/71 19/43/57
f 20/41/60 23/42/68 22/30/65 17/29/51
s 4
f 1/12/2 9/11/25 16/3/46 8/4/23
f 6/5/18 14/6/41 13/14/37 5/13/14
f 22/21/66 23/22/69 24/26/72 21/25/63
s 5
f 10/71/30 11/69/33 12/63/36 13/61/39 14/62/42 15/64/44 18/66/52 19/65/55 20/67/58 17/68/49 16/70/47 9/72/27
