# Exported from Wings 3D 1.5.4
mtllib eridani_low_gain_antenna_srf_1.mtl
o mesh1
#26 vertices, 18 faces
v -1.8750000e-2 -3.7500000e-2 2.5000000e-2
v -1.8750000e-2 3.7500000e-2 2.5000000e-2
v 1.8750000e-2 -3.7500000e-2 2.5000000e-2
v 1.8750000e-2 3.7500000e-2 2.5000000e-2
v -1.8750000e-2 -3.7500000e-2 -3.7500000e-2
v -1.8750000e-2 -1.8750000e-2 -6.9975953e-2
v 1.8750000e-2 -3.7500000e-2 -3.7500000e-2
v 1.8750000e-2 -1.8750000e-2 -6.9975953e-2
v 1.8750000e-2 3.7500000e-2 -3.7500000e-2
v -1.8750000e-2 3.7500000e-2 -3.7500000e-2
v 1.2500000e-2 -2.8125000e-2 -5.3737976e-2
v 8.8388348e-3 -3.2544417e-2 -4.6083321e-2
v 1.6761341e-18 -3.4375000e-2 -4.2912659e-2
v -8.8388348e-3 -3.2544417e-2 -4.6083321e-2
v -1.2500000e-2 -2.8125000e-2 -5.3737976e-2
v -8.8388348e-3 -2.3705583e-2 -6.1392632e-2
v -1.3854829e-18 -2.1875000e-2 -6.4563294e-2
v 8.8388348e-3 -2.3705583e-2 -6.1392632e-2
v 1.2500000e-2 -0.35288453 -0.24123798
v 8.8388348e-3 -0.35730394 -0.23358332
v 1.6761341e-18 -0.35913453 -0.23041266
v -8.8388348e-3 -0.35730394 -0.23358332
v -1.2500000e-2 -0.35288453 -0.24123798
v -8.8388348e-3 -0.34846511 -0.24889263
v -1.3854829e-18 -0.34663453 -0.25206329
v 8.8388348e-3 -0.34846511 -0.24889263
vt 3.9490474e-2 0.24045446
vt 3.9539737e-2 0.17820158
vt 3.9539737e-2 0.19291759
vt 5.2234917e-2 0.23309645
vt 5.2234917e-2 0.26252849
vt 6.4066430e-2 0.17820158
vt 6.4066430e-2 0.19291759
vt 7.6761610e-2 0.23309645
vt 7.6761610e-2 0.26252849
vt 8.9555316e-2 0.17820158
vt 8.9555316e-2 0.19291759
vt 9.1477626e-2 0.23309645
vt 9.1477626e-2 0.26252849
vt 0.10427133 0.17820158
vt 0.10427133 0.19291759
vt 0.11600432 0.23309645
vt 0.11600432 0.26252849
vt 0.12874876 0.24045446
vt 0.12879802 0.17820158
vt 0.12879802 0.19291759
vt 0.24509895 0.33743039
vt 0.24509895 0.48459054
vt 0.24509895 0.33743039
vt 0.24885333 0.33743039
vt 0.24885333 0.48459054
vt 0.24885333 0.33743039
vt 0.24898433 0.31352235
vt 0.25042107 0.31005375
vt 0.25042107 0.31699095
vt 0.25260772 0.48459054
vt 0.25260772 0.33743039
vt 0.25260772 0.33743039
vt 0.25260772 0.48459054
vt 0.25388967 0.30861701
vt 0.25388967 0.31842769
vt 0.25636210 0.33743039
vt 0.25636210 0.48459054
vt 0.25636210 0.48459054
vt 0.25735826 0.31005375
vt 0.25735826 0.31699095
vt 0.25879500 0.31352235
vt 0.26011649 0.48459054
vt 0.26011649 0.33743039
vn 1.00000000 -1.0514846e-16 1.8025451e-16
vn 0.70710678 -0.35355339 0.61237244
vn 3.0042419e-17 -0.50000000 0.86602540
vn -0.70710678 -0.35355339 0.61237244
vn -1.00000000 -2.4033935e-16 4.5063628e-16
vn -0.70710678 0.35355339 -0.61237244
vn 0.0000000e+0 0.50000000 -0.86602540
vn 0.70710678 0.35355339 -0.61237244
vn 0.0000000e+0 -1.00000000 0.0000000e+0
vn 0.0000000e+0 0.0000000e+0 1.00000000
vn -1.00000000 0.0000000e+0 0.0000000e+0
vn 0.0000000e+0 1.00000000 -1.1102230e-16
vn 0.0000000e+0 0.0000000e+0 1.00000000
vn -1.00000000 0.0000000e+0 0.0000000e+0
vn 0.0000000e+0 -1.00000000 0.0000000e+0
vn 0.0000000e+0 0.0000000e+0 1.00000000
vn 1.00000000 0.0000000e+0 0.0000000e+0
vn 0.0000000e+0 1.00000000 -1.1102230e-16
vn 0.0000000e+0 0.0000000e+0 1.00000000
vn 1.00000000 0.0000000e+0 0.0000000e+0
vn 0.0000000e+0 -1.00000000 0.0000000e+0
vn -1.00000000 0.0000000e+0 0.0000000e+0
vn 0.0000000e+0 -0.86602540 -0.50000000
vn -1.00000000 0.0000000e+0 0.0000000e+0
vn 0.0000000e+0 -0.86602540 -0.50000000
vn 0.0000000e+0 0.50000000 -0.86602540
vn -1.00000000 0.0000000e+0 0.0000000e+0
vn 0.0000000e+0 -1.00000000 0.0000000e+0
vn 1.00000000 0.0000000e+0 0.0000000e+0
vn 0.0000000e+0 -0.86602540 -0.50000000
vn 1.00000000 0.0000000e+0 0.0000000e+0
vn 0.0000000e+0 -0.86602540 -0.50000000
vn 1.00000000 0.0000000e+0 0.0000000e+0
vn 0.0000000e+0 0.50000000 -0.86602540
vn 0.0000000e+0 1.00000000 -1.1102230e-16
vn 1.00000000 0.0000000e+0 0.0000000e+0
vn 1.00000000 0.0000000e+0 0.0000000e+0
vn 0.0000000e+0 0.50000000 -0.86602540
vn 0.0000000e+0 1.00000000 -1.1102230e-16
vn -1.00000000 0.0000000e+0 0.0000000e+0
vn 0.0000000e+0 0.50000000 -0.86602540
vn -1.00000000 0.0000000e+0 0.0000000e+0
vn 4.9065389e-16 -0.86602540 -0.50000000
vn 1.00000000 -1.0514846e-16 1.8025451e-16
vn 1.00000000 -1.0514846e-16 1.8025451e-16
vn 4.9065389e-16 -0.86602540 -0.50000000
vn 0.70710678 -0.35355339 0.61237244
vn 0.70710678 -0.35355339 0.61237244
vn 4.9065389e-16 -0.86602540 -0.50000000
vn 3.0042419e-17 -0.50000000 0.86602540
vn 3.0042419e-17 -0.50000000 0.86602540
vn 4.9065389e-16 -0.86602540 -0.50000000
vn -0.70710678 -0.35355339 0.61237244
vn -0.70710678 -0.35355339 0.61237244
vn 4.9065389e-16 -0.86602540 -0.50000000
vn -1.00000000 -2.4033935e-16 4.5063628e-16
vn -1.00000000 -2.4033935e-16 4.5063628e-16
vn 4.9065389e-16 -0.86602540 -0.50000000
vn -0.70710678 0.35355339 -0.61237244
vn -0.70710678 0.35355339 -0.61237244
vn 4.9065389e-16 -0.86602540 -0.50000000
vn 0.0000000e+0 0.50000000 -0.86602540
vn 0.0000000e+0 0.50000000 -0.86602540
vn 4.9065389e-16 -0.86602540 -0.50000000
vn 0.70710678 0.35355339 -0.61237244
vn 0.70710678 0.35355339 -0.61237244
g mesh1_mesh1_auv
usemtl mesh1_auv
s 1
f 2/3/12 4/2/18 9/6/35 10/7/39
f 5/15/21 7/14/28 3/19/15 1/20/9
f 20/28/46 21/34/49 22/39/52 23/41/55 24/40/58 25/35/61 26/29/64 19/27/43
s 2
f 1/8/10 3/12/16 4/13/19 2/9/13
f 5/15/23 6/11/25 8/10/32 7/14/30
f 11/33/1 19/31/44 26/36/65 18/37/8
f 12/25/2 20/26/48 19/31/45 11/33/1
f 13/22/3 21/23/51 20/26/47 12/25/2
f 14/38/4 22/36/54 21/43/50 13/42/3
f 15/30/5 23/32/57 22/36/53 14/38/4
f 16/25/6 24/24/60 23/32/56 15/30/5
f 17/22/7 25/21/63 24/24/59 16/25/6
f 18/37/8 26/36/66 25/43/62 17/42/7
s 3
f 1/8/11 2/9/14 10/5/40 5/4/22
f 7/16/31 8/18/33 9/17/37
f 7/16/29 9/17/36 4/13/20 3/12/17
f 10/5/42 6/1/27 5/4/24
s 4
f 9/6/38 8/10/34 6/11/26 10/7/41
