# Exported from Wings 3D 1.5.4
mtllib Tantares_SolarStandard_A_Pivot.mtl
o Tantares_SolarStandard_A_Pivot
#40 vertices, 29 faces
v 2.0000000e-2 5.4134315e-18 1.2500000e-2
v 1.7320508e-2 -1.0000000e-2 1.2500000e-2
v 1.0000000e-2 -1.7320508e-2 1.2500000e-2
v -8.9443567e-17 -2.0000000e-2 1.2500000e-2
v -1.0000000e-2 -1.7320508e-2 1.2500000e-2
v -1.7320508e-2 -1.0000000e-2 1.2500000e-2
v -2.0000000e-2 2.9641379e-18 1.2500000e-2
v -1.7320508e-2 1.0000000e-2 1.2500000e-2
v -1.0000000e-2 1.7320508e-2 1.2500000e-2
v -9.4342154e-17 2.0000000e-2 1.2500000e-2
v 1.0000000e-2 1.7320508e-2 1.2500000e-2
v 1.7320508e-2 1.0000000e-2 1.2500000e-2
v 2.0000000e-2 2.9641379e-18 -1.2500000e-2
v 1.7320508e-2 -1.0000000e-2 -1.2500000e-2
v 1.0000000e-2 -1.7320508e-2 -1.2500000e-2
v -8.9443567e-17 -2.0000000e-2 -1.2500000e-2
v -1.0000000e-2 -1.7320508e-2 -1.2500000e-2
v -1.7320508e-2 -1.0000000e-2 -1.2500000e-2
v -2.0000000e-2 5.1484433e-19 -1.2500000e-2
v -1.7320508e-2 1.0000000e-2 -1.2500000e-2
v -1.0000000e-2 1.7320508e-2 -1.2500000e-2
v -9.4342154e-17 2.0000000e-2 -1.2500000e-2
v 1.0000000e-2 1.7320508e-2 -1.2500000e-2
v 1.7320508e-2 1.0000000e-2 -1.2500000e-2
v -0.44000000 5.0000000e-3 2.7616798e-17
v -0.44000000 7.9652298e-19 5.0000000e-3
v -0.44000000 -5.0000000e-3 2.8229121e-17
v -0.44000000 -4.2812382e-19 -5.0000000e-3
v 0.44000000 5.0000000e-3 2.7616798e-17
v 0.44000000 1.8419958e-19 5.0000000e-3
v 0.44000000 -5.0000000e-3 2.8229121e-17
v 0.44000000 -1.0404472e-18 -5.0000000e-3
v 2.0000000e-2 -7.4653199e-19 -5.0000000e-3
v 2.0000000e-2 4.7811481e-19 5.0000000e-3
v 1.8660254e-2 5.0000000e-3 2.7616798e-17
v 1.8660254e-2 -5.0000000e-3 2.8229121e-17
v -2.0000000e-2 -7.2203905e-19 -5.0000000e-3
v -2.0000000e-2 5.0260774e-19 5.0000000e-3
v -1.8660254e-2 5.0000000e-3 2.7616798e-17
v -1.8660254e-2 -5.0000000e-3 2.8229121e-17
vt 0.39268078 0.16543217
vt 0.39667815 0.15051381
vt 0.39667815 0.18035053
vt 0.40759914 0.13959281
vt 0.40759914 0.19127153
vt 0.42251750 0.13559544
vt 0.42251750 0.19526889
vt 0.43743587 0.13959281
vt 0.43743587 0.19127153
vt 0.44835686 0.15051381
vt 0.44835686 0.18035053
vt 0.45235423 0.16543217
vt 0.47327809 0.13565507
vt 0.47327809 0.19590357
vt 0.47327809 0.13565507
vt 0.47327809 0.19590357
vt 0.47973550 0.13565507
vt 0.47973550 0.19590357
vt 0.47973550 0.13565507
vt 0.47973550 0.19590357
vt 0.49737749 0.13565507
vt 0.49737749 0.19590357
vt 0.49737749 0.13565507
vt 0.49737749 0.19590357
vt 0.50942719 0.16577932
vt 0.50942719 0.16577932
vt 0.52147689 0.13565507
vt 0.52147689 0.15372962
vt 0.52147689 0.17782902
vt 0.52147689 0.19590357
vt 0.52147689 0.13565507
vt 0.52147689 0.15372962
vt 0.52147689 0.17782902
vt 0.52147689 0.19590357
vt 0.53352659 0.16577932
vt 0.53352659 0.16577932
vt 0.54557629 0.13565507
vt 0.54557629 0.19590357
vt 0.54557629 0.13565507
vt 0.54557629 0.19590357
vt 0.56321828 0.13565507
vt 0.56321828 0.19590357
vt 0.56321828 0.13565507
vt 0.56321828 0.19590357
vt 0.56967570 0.13565507
vt 0.56967570 0.19590357
vt 0.56967570 0.13565507
vt 0.56967570 0.19590357
vt 0.59554926 0.17683887
vt 0.59554926 0.19506776
vt 0.59554926 0.17683887
vt 0.59554926 0.19506776
vt 0.59554926 0.17683887
vt 0.59554926 0.17683887
vt 0.59554926 0.17683887
vt 0.59554926 0.19506776
vt 0.59554926 0.19506776
vt 0.59554926 0.19506776
vt 0.59554926 0.17683887
vt 0.59554926 0.19506776
vt 0.95800284 0.17683887
vt 0.95800284 0.19506776
vt 0.95800284 0.17683887
vt 0.95800284 0.19506776
vt 0.95800284 0.17683887
vt 0.95800284 0.19506776
vt 0.95800284 0.17683887
vt 0.95800284 0.17683887
vt 0.95800284 0.19506776
vt 0.95800284 0.19506776
vt 0.95800284 0.17683887
vt 0.95800284 0.19506776
vn 1.00000000 1.2355915e-15 1.0425021e-17
vn 1.00000000 1.2355915e-15 1.0425021e-17
vn 0.90707274 -0.42097392 6.3617381e-16
vn 0.90707274 -0.42097392 6.3617381e-16
vn 0.90707274 -0.42097392 6.3617381e-16
vn 0.50000000 -0.86602540 1.1180835e-16
vn 0.50000000 -0.86602540 1.1180835e-16
vn 5.7469373e-17 -1.00000000 1.4230154e-16
vn 5.7469373e-17 -1.00000000 1.4230154e-16
vn -0.50000000 -0.86602540 1.2536088e-16
vn -0.50000000 -0.86602540 1.2536088e-16
vn -0.90707274 -0.42097392 7.9954380e-16
vn -0.90707274 -0.42097392 7.9954380e-16
vn -0.90707274 -0.42097392 7.9954380e-16
vn -1.00000000 -2.2987749e-16 2.1319168e-15
vn -1.00000000 -2.2987749e-16 2.1319168e-15
vn -0.90707274 0.42097392 6.2509788e-16
vn -0.90707274 0.42097392 6.2509788e-16
vn -0.90707274 0.42097392 6.2509788e-16
vn -0.50000000 0.86602540 -1.1180835e-16
vn -0.50000000 0.86602540 -1.1180835e-16
vn -4.5975498e-16 1.00000000 -1.3891340e-16
vn -4.5975498e-16 1.00000000 -1.3891340e-16
vn 0.50000000 0.86602540 -1.2197274e-16
vn 0.50000000 0.86602540 -1.2197274e-16
vn 0.90707274 0.42097392 -6.5624893e-16
vn 0.90707274 0.42097392 -6.5624893e-16
vn 0.90707274 0.42097392 -6.5624893e-16
vn 6.7762636e-17 -1.4456029e-17 -1.00000000
vn 1.00000000 1.2355915e-15 -1.5637531e-17
vn 1.00000000 1.2355915e-15 -1.5637531e-17
vn 6.7762636e-17 -1.4456029e-17 -1.00000000
vn 0.90707274 -0.42097392 -5.6487250e-16
vn 0.90707274 -0.42097392 -5.6487250e-16
vn 0.90707274 -0.42097392 -5.6487250e-16
vn 6.7762636e-17 -1.4456029e-17 -1.00000000
vn 0.50000000 -0.86602540 1.1180835e-16
vn 0.50000000 -0.86602540 1.1180835e-16
vn 6.7762636e-17 -1.4456029e-17 -1.00000000
vn 5.7469373e-17 -1.00000000 1.4230154e-16
vn 5.7469373e-17 -1.00000000 1.4230154e-16
vn 6.7762636e-17 -1.4456029e-17 -1.00000000
vn -0.50000000 -0.86602540 1.2536088e-16
vn -0.50000000 -0.86602540 1.2536088e-16
vn 6.7762636e-17 -1.4456029e-17 -1.00000000
vn -0.90707274 -0.42097392 -6.8878448e-16
vn -0.90707274 -0.42097392 -6.8878448e-16
vn -0.90707274 -0.42097392 -6.8878448e-16
vn 6.7762636e-17 -1.4456029e-17 -1.00000000
vn -1.00000000 -1.4367343e-16 -2.1214918e-15
vn -1.00000000 -1.4367343e-16 -2.1214918e-15
vn 6.7762636e-17 -1.4456029e-17 -1.00000000
vn -0.90707274 0.42097392 -7.1093634e-16
vn -0.90707274 0.42097392 -7.1093634e-16
vn -0.90707274 0.42097392 -7.1093634e-16
vn 6.7762636e-17 -1.4456029e-17 -1.00000000
vn -0.50000000 0.86602540 -1.1180835e-16
vn -0.50000000 0.86602540 -1.1180835e-16
vn 6.7762636e-17 -1.4456029e-17 -1.00000000
vn -4.5975498e-16 1.00000000 -1.3891340e-16
vn -4.5975498e-16 1.00000000 -1.3891340e-16
vn 6.7762636e-17 -1.4456029e-17 -1.00000000
vn 0.50000000 0.86602540 -1.2197274e-16
vn 0.50000000 0.86602540 -1.2197274e-16
vn 6.7762636e-17 -1.4456029e-17 -1.00000000
vn 0.90707274 0.42097392 5.2749123e-16
vn 0.90707274 0.42097392 5.2749123e-16
vn 0.90707274 0.42097392 5.2749123e-16
vn 1.1390266e-18 0.70710678 -0.70710678
vn 1.1390266e-18 0.70710678 0.70710678
vn -5.6951332e-19 -0.70710678 0.70710678
vn 1.1390266e-18 0.70710678 0.70710678
vn -1.1390266e-18 -0.70710678 -0.70710678
vn -5.6951332e-19 -0.70710678 0.70710678
vn 1.1390266e-18 0.70710678 -0.70710678
vn -1.1390266e-18 -0.70710678 -0.70710678
vn 0.0000000e+0 0.70710678 -0.70710678
vn 1.1390266e-18 0.70710678 0.70710678
vn 1.1390266e-18 0.70710678 0.70710678
vn -5.6951332e-19 -0.70710678 0.70710678
vn 0.0000000e+0 -0.70710678 -0.70710678
vn -5.6951332e-19 -0.70710678 0.70710678
vn 0.0000000e+0 0.70710678 -0.70710678
vn 0.0000000e+0 -0.70710678 -0.70710678
vn 0.0000000e+0 0.70710678 -0.70710678
vn 0.0000000e+0 -0.70710678 -0.70710678
vn 1.00000000 1.2355915e-15 -1.5637531e-17
vn 1.00000000 1.2355915e-15 -1.5637531e-17
vn 1.1390266e-18 0.70710678 0.70710678
vn -5.6951332e-19 -0.70710678 0.70710678
vn 1.00000000 1.2355915e-15 1.0425021e-17
vn 1.00000000 1.2355915e-15 1.0425021e-17
vn 0.0000000e+0 0.70710678 -0.70710678
vn 1.1390266e-18 0.70710678 0.70710678
vn 0.96592583 0.25881905 -3.7593908e-17
vn 0.96592583 0.25881905 -3.7593908e-17
vn 0.96592583 0.25881905 -3.7593908e-17
vn 0.0000000e+0 -0.70710678 -0.70710678
vn -5.6951332e-19 -0.70710678 0.70710678
vn 0.96592583 -0.25881905 1.6782995e-17
vn 0.96592583 -0.25881905 1.6782995e-17
vn 0.96592583 -0.25881905 1.6782995e-17
vn 1.1390266e-18 0.70710678 -0.70710678
vn -1.1390266e-18 -0.70710678 -0.70710678
vn -1.00000000 -1.4367343e-16 -2.1214918e-15
vn -1.00000000 -1.4367343e-16 -2.1214918e-15
vn -5.6951332e-19 -0.70710678 0.70710678
vn 1.1390266e-18 0.70710678 0.70710678
vn -1.00000000 -2.2987749e-16 2.1319168e-15
vn -1.00000000 -2.2987749e-16 2.1319168e-15
vn 1.1390266e-18 0.70710678 -0.70710678
vn 1.1390266e-18 0.70710678 0.70710678
vn -0.96592583 0.25881905 -2.2153553e-17
vn -0.96592583 0.25881905 -2.2153553e-17
vn -0.96592583 0.25881905 -2.2153553e-17
vn -1.1390266e-18 -0.70710678 -0.70710678
vn -5.6951332e-19 -0.70710678 0.70710678
vn -0.96592583 -0.25881905 2.8866751e-17
vn -0.96592583 -0.25881905 2.8866751e-17
vn -0.96592583 -0.25881905 2.8866751e-17
g Tantares_SolarStandard_A_Pivot_Tantares_SolarStandard_A_Pivot_auv
usemtl Tantares_SolarStandard_A_Pivot_auv
s 1
f 14/2/32 15/4/36 16/6/39 17/8/42 18/10/45 19/12/49 20/11/52 21/9/56 22/7/59 23/5/62 24/3/65 13/1/29
f 29/55/78 35/65/94 34/66/89 30/58/79
f 31/62/81 36/50/98 33/49/86 32/61/84
s 2
f 25/49/69 39/61/111 37/62/103 28/50/75
f 27/69/74 40/57/117 38/54/107 26/67/71
f 30/51/80 34/63/90 36/64/99 31/52/82
f 32/51/83 33/63/85 35/64/93 29/52/77
s 3
f 26/70/72 38/56/108 39/53/112 25/68/70
f 28/59/76 37/71/104 40/72/116 27/60/73
s 4
f 1/30/2 34/29/92 35/35/97 12/38/28
f 2/22/4 36/25/100 34/29/91 1/30/1
f 3/18/7 15/17/38 14/21/33 2/22/3
f 4/14/9 16/13/41 15/17/37 3/18/6
f 5/44/11 17/43/44 16/47/40 4/48/8
f 6/40/12 18/39/46 17/43/43 5/44/10
f 6/40/14 40/36/120 18/39/48
f 7/34/15 38/33/109 40/36/118 6/40/13
f 8/24/18 39/26/113 38/33/110 7/34/16
f 9/20/21 21/19/58 20/23/53 8/24/17
f 10/16/23 22/15/61 21/19/57 9/20/20
f 11/42/25 23/41/64 22/45/60 10/46/22
f 12/38/26 24/37/66 23/41/63 11/42/24
f 12/38/27 35/35/96 24/37/68
f 13/27/31 33/28/88 36/25/102 14/21/35
f 14/21/34 36/25/101 2/22/5
f 18/39/47 40/36/119 37/32/106 19/31/51
f 19/31/50 37/32/105 39/26/114 20/23/54
f 20/23/55 39/26/115 8/24/19
f 24/37/67 35/35/95 33/28/87 13/27/30
