# Exported from Wings 3D 1.5.4
mtllib virgo_fuel_tank_s1_2.mtl
o mesh
#288 vertices, 240 faces
v 0.62500000 0.37500000 -1.2576745e-17
v 0.60370364 0.37500000 0.16176190
v 0.54126588 0.37500000 0.31250000
v 0.44194174 0.37500000 0.44194174
v 0.31250000 0.37500000 0.54126588
v 0.16176190 0.37500000 0.60370364
v -1.3771492e-17 0.37500000 0.62500000
v -0.16176190 0.37500000 0.60370364
v -0.31250000 0.37500000 0.54126588
v -0.44194174 0.37500000 0.44194174
v -0.54126588 0.37500000 0.31250000
v -0.60370364 0.37500000 0.16176190
v -0.62500000 0.37500000 6.3963680e-17
v -0.60370364 0.37500000 -0.16176190
v -0.54126588 0.37500000 -0.31250000
v -0.44194174 0.37500000 -0.44194174
v -0.31250000 0.37500000 -0.54126588
v -0.16176190 0.37500000 -0.60370364
v -1.6685234e-16 0.37500000 -0.62500000
v 0.16176190 0.37500000 -0.60370364
v 0.31250000 0.37500000 -0.54126588
v 0.44194174 0.37500000 -0.44194174
v 0.54126588 0.37500000 -0.31250000
v 0.60370364 0.37500000 -0.16176190
v 0.62500000 -0.37500000 -1.2576745e-17
v 0.60370364 -0.37500000 0.16176190
v 0.54126588 -0.37500000 0.31250000
v 0.44194174 -0.37500000 0.44194174
v 0.31250000 -0.37500000 0.54126588
v 0.16176190 -0.37500000 0.60370364
v -1.3771492e-17 -0.37500000 0.62500000
v -0.16176190 -0.37500000 0.60370364
v -0.31250000 -0.37500000 0.54126588
v -0.44194174 -0.37500000 0.44194174
v -0.54126588 -0.37500000 0.31250000
v -0.60370364 -0.37500000 0.16176190
v -0.62500000 -0.37500000 6.3963680e-17
v -0.60370364 -0.37500000 -0.16176190
v -0.54126588 -0.37500000 -0.31250000
v -0.44194174 -0.37500000 -0.44194174
v -0.31250000 -0.37500000 -0.54126588
v -0.16176190 -0.37500000 -0.60370364
v -1.6685234e-16 -0.37500000 -0.62500000
v 0.16176190 -0.37500000 -0.60370364
v 0.31250000 -0.37500000 -0.54126588
v 0.44194174 -0.37500000 -0.44194174
v 0.54126588 -0.37500000 -0.31250000
v 0.60370364 -0.37500000 -0.16176190
v -0.65000000 -0.35000000 1.2500000e-2
v -0.65000000 0.35000000 1.2500000e-2
v -0.65000000 -0.35000000 -1.2500000e-2
v -0.65000000 0.35000000 -1.2500000e-2
v -0.62335434 0.35000000 -1.2500000e-2
v -0.62335434 -0.35000000 -1.2500000e-2
v -0.62500000 -0.35000000 8.8017657e-17
v -0.62500000 0.35000000 8.9752380e-17
v -0.62335434 -0.35000000 1.2500000e-2
v -0.62335434 0.35000000 1.2500000e-2
v -0.15615831 -0.35000000 0.63108703
v -0.15615831 0.35000000 0.63108703
v -0.18030645 -0.35000000 0.62461655
v -0.18030645 0.35000000 0.62461655
v -0.17341005 0.35000000 0.59887882
v -0.17341005 -0.35000000 0.59887882
v -0.16176190 -0.35000000 0.60370364
v -0.16176190 0.35000000 0.60370364
v -0.14926190 -0.35000000 0.60534930
v -0.14926190 0.35000000 0.60534930
v -0.31417468 -0.35000000 0.56916651
v -0.31417468 0.35000000 0.56916651
v -0.33582532 -0.35000000 0.55666651
v -0.33582532 0.35000000 0.55666651
v -0.32250249 0.35000000 0.53359070
v -0.32250249 -0.35000000 0.53359070
v -0.31250000 -0.35000000 0.54126588
v -0.31250000 0.35000000 0.54126588
v -0.30085185 -0.35000000 0.54609070
v -0.30085185 0.35000000 0.54609070
v -0.45078057 -0.35000000 0.46845824
v -0.45078057 0.35000000 0.46845824
v -0.46845824 -0.35000000 0.45078057
v -0.46845824 0.35000000 0.45078057
v -0.44961692 0.35000000 0.43193925
v -0.44961692 -0.35000000 0.43193925
v -0.44194174 -0.35000000 0.44194174
v -0.44194174 0.35000000 0.44194174
v -0.43193925 -0.35000000 0.44961692
v -0.43193925 0.35000000 0.44961692
v -0.55666651 -0.35000000 0.33582532
v -0.55666651 0.35000000 0.33582532
v -0.56916651 -0.35000000 0.31417468
v -0.56916651 0.35000000 0.31417468
v -0.54609070 0.35000000 0.30085185
v -0.54609070 -0.35000000 0.30085185
v -0.54126588 -0.35000000 0.31250000
v -0.54126588 0.35000000 0.31250000
v -0.53359070 -0.35000000 0.32250249
v -0.53359070 0.35000000 0.32250249
v -0.62461655 -0.35000000 0.18030645
v -0.62461655 0.35000000 0.18030645
v -0.63108703 -0.35000000 0.15615831
v -0.63108703 0.35000000 0.15615831
v -0.60534930 0.35000000 0.14926190
v -0.60534930 -0.35000000 0.14926190
v -0.60370364 -0.35000000 0.16176190
v -0.60370364 0.35000000 0.16176190
v -0.59887882 -0.35000000 0.17341005
v -0.59887882 0.35000000 0.17341005
v 0.65000000 -0.35000000 -1.2500000e-2
v 0.65000000 0.35000000 -1.2500000e-2
v 0.65000000 -0.35000000 1.2500000e-2
v 0.65000000 0.35000000 1.2500000e-2
v 0.62335434 0.35000000 1.2500000e-2
v 0.62335434 -0.35000000 1.2500000e-2
v 0.62500000 -0.35000000 -1.1278508e-16
v 0.62500000 0.35000000 -1.1451981e-16
v 0.62335434 -0.35000000 -1.2500000e-2
v 0.62335434 0.35000000 -1.2500000e-2
v 0.15615831 -0.35000000 -0.63108703
v 0.15615831 0.35000000 -0.63108703
v 0.18030645 -0.35000000 -0.62461655
v 0.18030645 0.35000000 -0.62461655
v 0.17341005 0.35000000 -0.59887882
v 0.17341005 -0.35000000 -0.59887882
v 0.16176190 -0.35000000 -0.60370364
v 0.16176190 0.35000000 -0.60370364
v 0.14926190 -0.35000000 -0.60534930
v 0.14926190 0.35000000 -0.60534930
v 0.31417468 -0.35000000 -0.56916651
v 0.31417468 0.35000000 -0.56916651
v 0.33582532 -0.35000000 -0.55666651
v 0.33582532 0.35000000 -0.55666651
v 0.32250249 0.35000000 -0.53359070
v 0.32250249 -0.35000000 -0.53359070
v 0.31250000 -0.35000000 -0.54126588
v 0.31250000 0.35000000 -0.54126588
v 0.30085185 -0.35000000 -0.54609070
v 0.30085185 0.35000000 -0.54609070
v 0.45078057 -0.35000000 -0.46845824
v 0.45078057 0.35000000 -0.46845824
v 0.46845824 -0.35000000 -0.45078057
v 0.46845824 0.35000000 -0.45078057
v 0.44961692 0.35000000 -0.43193925
v 0.44961692 -0.35000000 -0.43193925
v 0.44194174 -0.35000000 -0.44194174
v 0.44194174 0.35000000 -0.44194174
v 0.43193925 -0.35000000 -0.44961692
v 0.43193925 0.35000000 -0.44961692
v 0.55666651 -0.35000000 -0.33582532
v 0.55666651 0.35000000 -0.33582532
v 0.56916651 -0.35000000 -0.31417468
v 0.56916651 0.35000000 -0.31417468
v 0.54609070 0.35000000 -0.30085185
v 0.54609070 -0.35000000 -0.30085185
v 0.54126588 -0.35000000 -0.31250000
v 0.54126588 0.35000000 -0.31250000
v 0.53359070 -0.35000000 -0.32250249
v 0.53359070 0.35000000 -0.32250249
v 0.62461655 -0.35000000 -0.18030645
v 0.62461655 0.35000000 -0.18030645
v 0.63108703 -0.35000000 -0.15615831
v 0.63108703 0.35000000 -0.15615831
v 0.60534930 0.35000000 -0.14926190
v 0.60534930 -0.35000000 -0.14926190
v 0.60370364 -0.35000000 -0.16176190
v 0.60370364 0.35000000 -0.16176190
v 0.59887882 -0.35000000 -0.17341005
v 0.59887882 0.35000000 -0.17341005
v -1.2500000e-2 -0.35000000 -0.65000000
v -1.2500000e-2 0.35000000 -0.65000000
v 1.2500000e-2 -0.35000000 -0.65000000
v 1.2500000e-2 0.35000000 -0.65000000
v 1.2500000e-2 0.35000000 -0.62335434
v 1.2500000e-2 -0.35000000 -0.62335434
v -1.7694179e-16 -0.35000000 -0.62500000
v -1.7867652e-16 0.35000000 -0.62500000
v -1.2500000e-2 -0.35000000 -0.62335434
v -1.2500000e-2 0.35000000 -0.62335434
v -0.63108703 -0.35000000 -0.15615831
v -0.63108703 0.35000000 -0.15615831
v -0.62461655 -0.35000000 -0.18030645
v -0.62461655 0.35000000 -0.18030645
v -0.59887882 0.35000000 -0.17341005
v -0.59887882 -0.35000000 -0.17341005
v -0.60370364 -0.35000000 -0.16176190
v -0.60370364 0.35000000 -0.16176190
v -0.60534930 -0.35000000 -0.14926190
v -0.60534930 0.35000000 -0.14926190
v -0.56916651 -0.35000000 -0.31417468
v -0.56916651 0.35000000 -0.31417468
v -0.55666651 -0.35000000 -0.33582532
v -0.55666651 0.35000000 -0.33582532
v -0.53359070 0.35000000 -0.32250249
v -0.53359070 -0.35000000 -0.32250249
v -0.54126588 -0.35000000 -0.31250000
v -0.54126588 0.35000000 -0.31250000
v -0.54609070 -0.35000000 -0.30085185
v -0.54609070 0.35000000 -0.30085185
v -0.46845824 -0.35000000 -0.45078057
v -0.46845824 0.35000000 -0.45078057
v -0.45078057 -0.35000000 -0.46845824
v -0.45078057 0.35000000 -0.46845824
v -0.43193925 0.35000000 -0.44961692
v -0.43193925 -0.35000000 -0.44961692
v -0.44194174 -0.35000000 -0.44194174
v -0.44194174 0.35000000 -0.44194174
v -0.44961692 -0.35000000 -0.43193925
v -0.44961692 0.35000000 -0.43193925
v -0.33582532 -0.35000000 -0.55666651
v -0.33582532 0.35000000 -0.55666651
v -0.31417468 -0.35000000 -0.56916651
v -0.31417468 0.35000000 -0.56916651
v -0.30085185 0.35000000 -0.54609070
v -0.30085185 -0.35000000 -0.54609070
v -0.31250000 -0.35000000 -0.54126588
v -0.31250000 0.35000000 -0.54126588
v -0.32250249 -0.35000000 -0.53359070
v -0.32250249 0.35000000 -0.53359070
v -0.18030645 -0.35000000 -0.62461655
v -0.18030645 0.35000000 -0.62461655
v -0.15615831 -0.35000000 -0.63108703
v -0.15615831 0.35000000 -0.63108703
v -0.14926190 0.35000000 -0.60534930
v -0.14926190 -0.35000000 -0.60534930
v -0.16176190 -0.35000000 -0.60370364
v -0.16176190 0.35000000 -0.60370364
v -0.17341005 -0.35000000 -0.59887882
v -0.17341005 0.35000000 -0.59887882
v 1.2500000e-2 -0.35000000 0.65000000
v 1.2500000e-2 0.35000000 0.65000000
v -1.2500000e-2 -0.35000000 0.65000000
v -1.2500000e-2 0.35000000 0.65000000
v -1.2500000e-2 0.35000000 0.62335434
v -1.2500000e-2 -0.35000000 0.62335434
v 1.0040137e-16 -0.35000000 0.62500000
v 1.0213609e-16 0.35000000 0.62500000
v 1.2500000e-2 -0.35000000 0.62335434
v 1.2500000e-2 0.35000000 0.62335434
v 0.63108703 -0.35000000 0.15615831
v 0.63108703 0.35000000 0.15615831
v 0.62461655 -0.35000000 0.18030645
v 0.62461655 0.35000000 0.18030645
v 0.59887882 0.35000000 0.17341005
v 0.59887882 -0.35000000 0.17341005
v 0.60370364 -0.35000000 0.16176190
v 0.60370364 0.35000000 0.16176190
v 0.60534930 -0.35000000 0.14926190
v 0.60534930 0.35000000 0.14926190
v 0.56916651 -0.35000000 0.31417468
v 0.56916651 0.35000000 0.31417468
v 0.55666651 -0.35000000 0.33582532
v 0.55666651 0.35000000 0.33582532
v 0.53359070 0.35000000 0.32250249
v 0.53359070 -0.35000000 0.32250249
v 0.54126588 -0.35000000 0.31250000
v 0.54126588 0.35000000 0.31250000
v 0.54609070 -0.35000000 0.30085185
v 0.54609070 0.35000000 0.30085185
v 0.46845824 -0.35000000 0.45078057
v 0.46845824 0.35000000 0.45078057
v 0.45078057 -0.35000000 0.46845824
v 0.45078057 0.35000000 0.46845824
v 0.43193925 0.35000000 0.44961692
v 0.43193925 -0.35000000 0.44961692
v 0.44194174 -0.35000000 0.44194174
v 0.44194174 0.35000000 0.44194174
v 0.44961692 -0.35000000 0.43193925
v 0.44961692 0.35000000 0.43193925
v 0.33582532 -0.35000000 0.55666651
v 0.33582532 0.35000000 0.55666651
v 0.31417468 -0.35000000 0.56916651
v 0.31417468 0.35000000 0.56916651
v 0.30085185 0.35000000 0.54609070
v 0.30085185 -0.35000000 0.54609070
v 0.31250000 -0.35000000 0.54126588
v 0.31250000 0.35000000 0.54126588
v 0.32250249 -0.35000000 0.53359070
v 0.32250249 0.35000000 0.53359070
v 0.18030645 -0.35000000 0.62461655
v 0.18030645 0.35000000 0.62461655
v 0.15615831 -0.35000000 0.63108703
v 0.15615831 0.35000000 0.63108703
v 0.14926190 0.35000000 0.60534930
v 0.14926190 -0.35000000 0.60534930
v 0.16176190 -0.35000000 0.60370364
v 0.16176190 0.35000000 0.60370364
v 0.17341005 -0.35000000 0.59887882
v 0.17341005 0.35000000 0.59887882
vt 0.82820740 0.73370973
vt 0.82820740 0.73370973
vt 0.82820740 0.87072160
vt 0.82820740 0.87072160
vt 0.82820740 0.73370973
vt 0.82820740 0.87072160
vt 0.82820740 0.87072160
vt 0.82820740 0.73370973
vt 0.82820740 0.73370973
vt 0.82820740 0.73370973
vt 0.82820740 0.73370973
vt 0.82820740 0.87072160
vt 0.82820740 0.87072160
vt 0.82820740 0.87072160
vt 0.82820740 0.73370973
vt 0.82820740 0.73370973
vt 0.82820740 0.73370973
vt 0.82820740 0.87072160
vt 0.82820740 0.87072160
vt 0.82820740 0.87072160
vt 0.82820740 0.87072160
vt 0.82820740 0.73370973
vt 0.82820740 0.73370973
vt 0.82820740 0.87072160
vt 0.82820740 0.87072160
vt 0.82820740 0.73370973
vt 0.82820740 0.73370973
vt 0.82820740 0.73370973
vt 0.82820740 0.73370973
vt 0.82820740 0.87072160
vt 0.82820740 0.87072160
vt 0.82820740 0.87072160
vt 0.82820740 0.73370973
vt 0.82820740 0.87072160
vt 0.82820740 0.73370973
vt 0.82820740 0.73370973
vt 0.82820740 0.87072160
vt 0.82820740 0.73370973
vt 0.82820740 0.87072160
vt 0.82820740 0.87072160
vt 0.82820740 0.73370973
vt 0.82820740 0.73370973
vt 0.82820740 0.87072160
vt 0.82820740 0.87072160
vt 0.82820740 0.87072160
vt 0.82820740 0.73370973
vt 0.82820740 0.73370973
vt 0.82820740 0.87072160
vt 0.83342279 0.72860172
vt 0.83342279 0.72860172
vt 0.83342279 0.73370973
vt 0.83342279 0.73370973
vt 0.83342279 0.87072160
vt 0.83342279 0.87072160
vt 0.83342279 0.87582962
vt 0.83342279 0.87582962
vt 0.83342279 0.72860172
vt 0.83342279 0.73370973
vt 0.83342279 0.87072160
vt 0.83342279 0.87582962
vt 0.83342279 0.72860172
vt 0.83342279 0.73370973
vt 0.83342279 0.87072160
vt 0.83342279 0.87072160
vt 0.83342279 0.87582962
vt 0.83342279 0.87582962
vt 0.83342279 0.87582962
vt 0.83342279 0.73370973
vt 0.83342279 0.72860172
vt 0.83342279 0.72860172
vt 0.83342279 0.72860172
vt 0.83342279 0.72860172
vt 0.83342279 0.72860172
vt 0.83342279 0.73370973
vt 0.83342279 0.73370973
vt 0.83342279 0.87072160
vt 0.83342279 0.87072160
vt 0.83342279 0.87582962
vt 0.83342279 0.87582962
vt 0.83342279 0.87582962
vt 0.83342279 0.72860172
vt 0.83342279 0.73370973
vt 0.83342279 0.73370973
vt 0.83342279 0.73370973
vt 0.83342279 0.87072160
vt 0.83342279 0.87582962
vt 0.83342279 0.72860172
vt 0.83342279 0.72860172
vt 0.83342279 0.73370973
vt 0.83342279 0.87072160
vt 0.83342279 0.87072160
vt 0.83342279 0.87072160
vt 0.83342279 0.87072160
vt 0.83342279 0.87582962
vt 0.83342279 0.87582962
vt 0.83342279 0.87582962
vt 0.83342279 0.72860172
vt 0.83342279 0.73370973
vt 0.83342279 0.73370973
vt 0.83342279 0.87072160
vt 0.83342279 0.87072160
vt 0.83342279 0.87582962
vt 0.83342279 0.87582962
vt 0.83342279 0.73370973
vt 0.83342279 0.87072160
vt 0.83342279 0.87072160
vt 0.83342279 0.87582962
vt 0.83342279 0.87582962
vt 0.83342279 0.72860172
vt 0.83342279 0.72860172
vt 0.83342279 0.72860172
vt 0.83342279 0.72860172
vt 0.83342279 0.72860172
vt 0.83342279 0.73370973
vt 0.83342279 0.73370973
vt 0.83342279 0.73370973
vt 0.83342279 0.87072160
vt 0.83342279 0.73370973
vt 0.83342279 0.87072160
vt 0.83342279 0.87582962
vt 0.83342279 0.73370973
vt 0.83342279 0.87072160
vt 0.83342279 0.72860172
vt 0.83342279 0.73370973
vt 0.83342279 0.87072160
vt 0.83342279 0.87582962
vt 0.83342279 0.87582962
vt 0.83342279 0.72860172
vt 0.83342279 0.73370973
vt 0.83342279 0.87072160
vt 0.83342279 0.87582962
vt 0.83342279 0.72860172
vt 0.83342279 0.72860172
vt 0.83342279 0.73370973
vt 0.83342279 0.87072160
vt 0.83342279 0.87582962
vt 0.83342279 0.87582962
vt 0.83342279 0.87072160
vt 0.83342279 0.72860172
vt 0.83342279 0.72860172
vt 0.83342279 0.73370973
vt 0.83342279 0.87072160
vt 0.83342279 0.87582962
vt 0.83342279 0.73370973
vt 0.83586943 0.72860172
vt 0.83586943 0.72860172
vt 0.83586943 0.87582962
vt 0.83586943 0.87582962
vt 0.83586943 0.72860172
vt 0.83586943 0.87582962
vt 0.83586943 0.72860172
vt 0.83586943 0.87582962
vt 0.83586943 0.72860172
vt 0.83586943 0.72860172
vt 0.83586943 0.72860172
vt 0.83586943 0.72860172
vt 0.83586943 0.87582962
vt 0.83586943 0.87582962
vt 0.83586943 0.87582962
vt 0.83586943 0.87582962
vt 0.83586943 0.87582962
vt 0.83586943 0.72860172
vt 0.83586943 0.72860172
vt 0.83586943 0.72860172
vt 0.83586943 0.87582962
vt 0.83586943 0.87582962
vt 0.83586943 0.87582962
vt 0.83586943 0.72860172
vt 0.83586943 0.72860172
vt 0.83586943 0.72860172
vt 0.83586943 0.72860172
vt 0.83586943 0.72860172
vt 0.83586943 0.72860172
vt 0.83586943 0.87582962
vt 0.83586943 0.87582962
vt 0.83586943 0.87582962
vt 0.83586943 0.87582962
vt 0.83586943 0.87582962
vt 0.83586943 0.72860172
vt 0.83586943 0.87582962
vt 0.83586943 0.72860172
vt 0.83586943 0.87582962
vt 0.83586943 0.87582962
vt 0.83586943 0.72860172
vt 0.83586943 0.87582962
vt 0.83586943 0.72860172
vt 0.83586943 0.72860172
vt 0.83586943 0.87582962
vt 0.83586943 0.87582962
vt 0.83586943 0.72860172
vt 0.83586943 0.87582962
vt 0.83586943 0.72860172
vt 0.83831607 0.73370973
vt 0.83831607 0.72860172
vt 0.83831607 0.72860172
vt 0.83831607 0.73370973
vt 0.83831607 0.87072160
vt 0.83831607 0.87072160
vt 0.83831607 0.87582962
vt 0.83831607 0.87582962
vt 0.83831607 0.87582962
vt 0.83831607 0.87582962
vt 0.83831607 0.72860172
vt 0.83831607 0.73370973
vt 0.83831607 0.87072160
vt 0.83831607 0.87072160
vt 0.83831607 0.72860172
vt 0.83831607 0.87072160
vt 0.83831607 0.72860172
vt 0.83831607 0.73370973
vt 0.83831607 0.73370973
vt 0.83831607 0.73370973
vt 0.83831607 0.87072160
vt 0.83831607 0.87072160
vt 0.83831607 0.87582962
vt 0.83831607 0.87582962
vt 0.83831607 0.72860172
vt 0.83831607 0.72860172
vt 0.83831607 0.72860172
vt 0.83831607 0.73370973
vt 0.83831607 0.73370973
vt 0.83831607 0.87072160
vt 0.83831607 0.87072160
vt 0.83831607 0.87072160
vt 0.83831607 0.87582962
vt 0.83831607 0.87582962
vt 0.83831607 0.87582962
vt 0.83831607 0.87582962
vt 0.83831607 0.72860172
vt 0.83831607 0.72860172
vt 0.83831607 0.72860172
vt 0.83831607 0.73370973
vt 0.83831607 0.73370973
vt 0.83831607 0.73370973
vt 0.83831607 0.73370973
vt 0.83831607 0.87072160
vt 0.83831607 0.87072160
vt 0.83831607 0.87582962
vt 0.83831607 0.87582962
vt 0.83831607 0.72860172
vt 0.83831607 0.72860172
vt 0.83831607 0.72860172
vt 0.83831607 0.73370973
vt 0.83831607 0.87072160
vt 0.83831607 0.87582962
vt 0.83831607 0.87582962
vt 0.83831607 0.87582962
vt 0.83831607 0.73370973
vt 0.83831607 0.73370973
vt 0.83831607 0.87072160
vt 0.83831607 0.87072160
vt 0.83831607 0.87582962
vt 0.83831607 0.72860172
vt 0.83831607 0.72860172
vt 0.83831607 0.72860172
vt 0.83831607 0.73370973
vt 0.83831607 0.73370973
vt 0.83831607 0.87072160
vt 0.83831607 0.87582962
vt 0.83831607 0.72860172
vt 0.83831607 0.73370973
vt 0.83831607 0.87072160
vt 0.83831607 0.87072160
vt 0.83831607 0.87072160
vt 0.83831607 0.87582962
vt 0.83831607 0.87582962
vt 0.83831607 0.72860172
vt 0.83831607 0.73370973
vt 0.83831607 0.73370973
vt 0.83831607 0.87072160
vt 0.83831607 0.87072160
vt 0.83831607 0.87582962
vt 0.83831607 0.72860172
vt 0.83831607 0.72860172
vt 0.83831607 0.73370973
vt 0.83831607 0.87582962
vt 0.83831607 0.72860172
vt 0.83831607 0.73370973
vt 0.83831607 0.87072160
vt 0.83831607 0.87072160
vt 0.83831607 0.87582962
vt 0.83831607 0.87582962
vt 0.83831607 0.87582962
vt 0.83831607 0.72860172
vt 0.83831607 0.73370973
vt 0.83831607 0.87072160
vt 0.83831607 0.72860172
vt 0.83831607 0.73370973
vt 0.84353145 0.73370973
vt 0.84353145 0.87072160
vt 0.84353145 0.87072160
vt 0.84353145 0.73370973
vt 0.84353145 0.73370973
vt 0.84353145 0.73370973
vt 0.84353145 0.73370973
vt 0.84353145 0.73370973
vt 0.84353145 0.87072160
vt 0.84353145 0.87072160
vt 0.84353145 0.87072160
vt 0.84353145 0.87072160
vt 0.84353145 0.73370973
vt 0.84353145 0.73370973
vt 0.84353145 0.87072160
vt 0.84353145 0.87072160
vt 0.84353145 0.73370973
vt 0.84353145 0.73370973
vt 0.84353145 0.87072160
vt 0.84353145 0.87072160
vt 0.84353145 0.73370973
vt 0.84353145 0.73370973
vt 0.84353145 0.73370973
vt 0.84353145 0.73370973
vt 0.84353145 0.87072160
vt 0.84353145 0.87072160
vt 0.84353145 0.87072160
vt 0.84353145 0.73370973
vt 0.84353145 0.73370973
vt 0.84353145 0.87072160
vt 0.84353145 0.73370973
vt 0.84353145 0.87072160
vt 0.84353145 0.87072160
vt 0.84353145 0.87072160
vt 0.84353145 0.73370973
vt 0.84353145 0.73370973
vt 0.84353145 0.87072160
vt 0.84353145 0.73370973
vt 0.84353145 0.87072160
vt 0.84353145 0.87072160
vt 0.84353145 0.87072160
vt 0.84353145 0.87072160
vt 0.84353145 0.73370973
vt 0.84353145 0.73370973
vt 0.84353145 0.73370973
vt 0.84353145 0.73370973
vt 0.84353145 0.87072160
vt 0.87884241 0.64991882
vt 0.87884241 0.79746539
vt 0.87884241 0.64991882
vt 0.87884241 0.79746539
vt 0.87884241 0.64991882
vt 0.91082667 0.64991882
vt 0.91082667 0.79746539
vt 0.91082667 0.64991882
vt 0.91082667 0.79746539
vt 0.91082667 0.64991882
vt 0.91082667 0.79746539
vt 0.91082667 0.64991882
vt 0.94281094 0.64991882
vt 0.94281094 0.79746539
vt 0.94281094 0.64991882
vt 0.94281094 0.79746539
vt 0.94281094 0.64991882
vt 0.94281094 0.79746539
vt 0.97479520 0.64991882
vt 0.97479520 0.64991882
vt 0.97479520 0.79746539
vt 0.97479520 0.64991882
vt 0.97479520 0.79746539
vn -7.4014868e-16 -1.00000000 1.6333603e-15
vn -7.4014868e-16 1.00000000 -1.6333603e-15
vn 4.0980078e-15 -1.00000000 3.5864630e-15
vn -4.4811369e-15 1.00000000 0.0000000e+0
vn 3.4758510e-15 -1.00000000 1.7932315e-15
vn -4.2159997e-15 1.00000000 -3.5293228e-15
vn 2.6168208e-15 -1.00000000 5.3225544e-15
vn -3.6635491e-15 1.00000000 -3.5293228e-15
vn 1.5794585e-15 -1.00000000 3.5864630e-15
vn -2.8614336e-15 1.00000000 -9.2518585e-16
vn 4.3445872e-16 -1.00000000 2.0388130e-15
vn -1.8643162e-15 1.00000000 -1.8218016e-15
vn 7.4014868e-16 -1.00000000 -1.6333603e-15
vn 7.4014868e-16 1.00000000 1.6333603e-15
vn -4.0980078e-15 -1.00000000 -3.5864630e-15
vn 4.4811369e-15 1.00000000 0.0000000e+0
vn -3.4758510e-15 -1.00000000 -1.7932315e-15
vn 4.2159997e-15 1.00000000 3.5293228e-15
vn -2.6168208e-15 -1.00000000 -5.3225544e-15
vn 3.6635491e-15 1.00000000 3.5293228e-15
vn -1.5794585e-15 -1.00000000 -3.5864630e-15
vn 2.8614336e-15 1.00000000 9.2518585e-16
vn -4.3445872e-16 -1.00000000 -2.0388130e-15
vn 1.8643162e-15 1.00000000 1.8218016e-15
vn -4.4408921e-15 -1.00000000 -1.7360913e-15
vn 4.4408921e-15 1.00000000 -1.1428038e-16
vn -1.8643162e-15 -1.00000000 6.5389126e-15
vn 4.3445872e-16 1.00000000 -3.3980217e-15
vn -2.8614336e-15 -1.00000000 3.5293228e-15
vn 1.5794585e-15 1.00000000 -4.4545087e-15
vn -3.6635491e-15 -1.00000000 3.4721827e-15
vn 2.6168208e-15 1.00000000 -3.5864630e-15
vn -4.2159997e-15 -1.00000000 1.6789511e-15
vn 3.4758510e-15 1.00000000 -3.5293228e-15
vn -4.4811369e-15 -1.00000000 0.0000000e+0
vn 4.0980078e-15 1.00000000 0.0000000e+0
vn 4.4408921e-15 -1.00000000 1.8503717e-15
vn -4.4408921e-15 1.00000000 1.1428038e-16
vn 1.8643162e-15 -1.00000000 -6.5389126e-15
vn -4.3445872e-16 1.00000000 3.3980217e-15
vn 2.8614336e-15 -1.00000000 -3.5293228e-15
vn -1.5794585e-15 1.00000000 4.4545087e-15
vn 3.6635491e-15 -1.00000000 -3.4721827e-15
vn -2.6168208e-15 1.00000000 3.5864630e-15
vn 4.2159997e-15 -1.00000000 -1.6789511e-15
vn -3.4758510e-15 1.00000000 3.5293228e-15
vn 4.4811369e-15 -1.00000000 0.0000000e+0
vn -4.0980078e-15 1.00000000 0.0000000e+0
vn 1.00000000 0.0000000e+0 -1.2597785e-16
vn 1.00000000 0.0000000e+0 -1.2597785e-16
vn 0.96592583 0.0000000e+0 0.25881905
vn 0.96592583 0.0000000e+0 0.25881905
vn 0.86602540 0.0000000e+0 0.50000000
vn 0.86602540 0.0000000e+0 0.50000000
vn 0.70710678 0.0000000e+0 0.70710678
vn 0.70710678 0.0000000e+0 0.70710678
vn 0.50000000 0.0000000e+0 0.86602540
vn 0.50000000 0.0000000e+0 0.86602540
vn 0.25881905 0.0000000e+0 0.96592583
vn 0.25881905 0.0000000e+0 0.96592583
vn 3.0794585e-16 0.0000000e+0 1.00000000
vn 3.0794585e-16 0.0000000e+0 1.00000000
vn -0.25881905 0.0000000e+0 0.96592583
vn -0.25881905 0.0000000e+0 0.96592583
vn -0.50000000 0.0000000e+0 0.86602540
vn -0.50000000 0.0000000e+0 0.86602540
vn -0.70710678 0.0000000e+0 0.70710678
vn -0.70710678 0.0000000e+0 0.70710678
vn -0.86602540 0.0000000e+0 0.50000000
vn -0.86602540 0.0000000e+0 0.50000000
vn -0.96592583 0.0000000e+0 0.25881905
vn -0.96592583 0.0000000e+0 0.25881905
vn -1.00000000 0.0000000e+0 5.5990155e-16
vn -1.00000000 0.0000000e+0 5.5990155e-16
vn -0.96592583 0.0000000e+0 -0.25881905
vn -0.96592583 0.0000000e+0 -0.25881905
vn -0.86602540 0.0000000e+0 -0.50000000
vn -0.86602540 0.0000000e+0 -0.50000000
vn -0.70710678 0.0000000e+0 -0.70710678
vn -0.70710678 0.0000000e+0 -0.70710678
vn -0.50000000 0.0000000e+0 -0.86602540
vn -0.50000000 0.0000000e+0 -0.86602540
vn -0.25881905 0.0000000e+0 -0.96592583
vn -0.25881905 0.0000000e+0 -0.96592583
vn -4.6191878e-16 0.0000000e+0 -1.00000000
vn -4.6191878e-16 0.0000000e+0 -1.00000000
vn 0.25881905 0.0000000e+0 -0.96592583
vn 0.25881905 0.0000000e+0 -0.96592583
vn 0.50000000 0.0000000e+0 -0.86602540
vn 0.50000000 0.0000000e+0 -0.86602540
vn 0.70710678 0.0000000e+0 -0.70710678
vn 0.70710678 0.0000000e+0 -0.70710678
vn 0.86602540 0.0000000e+0 -0.50000000
vn 0.86602540 0.0000000e+0 -0.50000000
vn 0.96592583 0.0000000e+0 -0.25881905
vn 0.96592583 0.0000000e+0 -0.25881905
vn 1.00000000 0.0000000e+0 -1.2597785e-16
vn 1.00000000 0.0000000e+0 -1.2597785e-16
vn 0.96592583 0.0000000e+0 0.25881905
vn 0.96592583 0.0000000e+0 0.25881905
vn 0.86602540 0.0000000e+0 0.50000000
vn 0.86602540 0.0000000e+0 0.50000000
vn 0.70710678 0.0000000e+0 0.70710678
vn 0.70710678 0.0000000e+0 0.70710678
vn 0.50000000 0.0000000e+0 0.86602540
vn 0.50000000 0.0000000e+0 0.86602540
vn 0.25881905 0.0000000e+0 0.96592583
vn 0.25881905 0.0000000e+0 0.96592583
vn 3.0794585e-16 0.0000000e+0 1.00000000
vn 3.0794585e-16 0.0000000e+0 1.00000000
vn -0.25881905 0.0000000e+0 0.96592583
vn -0.25881905 0.0000000e+0 0.96592583
vn -0.50000000 0.0000000e+0 0.86602540
vn -0.50000000 0.0000000e+0 0.86602540
vn -0.70710678 0.0000000e+0 0.70710678
vn -0.70710678 0.0000000e+0 0.70710678
vn -0.86602540 0.0000000e+0 0.50000000
vn -0.86602540 0.0000000e+0 0.50000000
vn -0.96592583 0.0000000e+0 0.25881905
vn -0.96592583 0.0000000e+0 0.25881905
vn -1.00000000 0.0000000e+0 5.5990155e-16
vn -1.00000000 0.0000000e+0 5.5990155e-16
vn -0.96592583 0.0000000e+0 -0.25881905
vn -0.96592583 0.0000000e+0 -0.25881905
vn -0.86602540 0.0000000e+0 -0.50000000
vn -0.86602540 0.0000000e+0 -0.50000000
vn -0.70710678 0.0000000e+0 -0.70710678
vn -0.70710678 0.0000000e+0 -0.70710678
vn -0.50000000 0.0000000e+0 -0.86602540
vn -0.50000000 0.0000000e+0 -0.86602540
vn -0.25881905 0.0000000e+0 -0.96592583
vn -0.25881905 0.0000000e+0 -0.96592583
vn -4.6191878e-16 0.0000000e+0 -1.00000000
vn -4.6191878e-16 0.0000000e+0 -1.00000000
vn 0.25881905 0.0000000e+0 -0.96592583
vn 0.25881905 0.0000000e+0 -0.96592583
vn 0.50000000 0.0000000e+0 -0.86602540
vn 0.50000000 0.0000000e+0 -0.86602540
vn 0.70710678 0.0000000e+0 -0.70710678
vn 0.70710678 0.0000000e+0 -0.70710678
vn 0.86602540 0.0000000e+0 -0.50000000
vn 0.86602540 0.0000000e+0 -0.50000000
vn 0.96592583 0.0000000e+0 -0.25881905
vn 0.96592583 0.0000000e+0 -0.25881905
vn -1.1102230e-15 -1.00000000 2.4500404e-15
vn -1.00000000 0.0000000e+0 0.0000000e+0
vn 0.0000000e+0 1.4869058e-17 1.00000000
vn -1.1102230e-15 -1.00000000 2.4500404e-15
vn -1.00000000 0.0000000e+0 0.0000000e+0
vn 0.0000000e+0 1.4869058e-17 1.00000000
vn -1.1102230e-15 1.00000000 -2.7755576e-15
vn -1.1102230e-15 1.00000000 -2.7755576e-15
vn -1.1102230e-15 -1.00000000 2.7755576e-15
vn -1.00000000 0.0000000e+0 0.0000000e+0
vn -1.1102230e-15 -1.00000000 2.7755576e-15
vn 0.0000000e+0 -1.4869058e-17 -1.00000000
vn -1.00000000 0.0000000e+0 0.0000000e+0
vn 0.0000000e+0 -1.4869058e-17 -1.00000000
vn -1.1102230e-15 1.00000000 -2.4500404e-15
vn -1.1102230e-15 1.00000000 -2.4500404e-15
vn 0.0000000e+0 -1.4869058e-17 -1.00000000
vn 0.0000000e+0 1.00000000 6.5103425e-16
vn 0.0000000e+0 -1.00000000 0.0000000e+0
vn 0.0000000e+0 -1.4869058e-17 -1.00000000
vn 0.0000000e+0 1.4869058e-17 1.00000000
vn 0.0000000e+0 -1.00000000 -6.5103425e-16
vn 0.0000000e+0 1.4869058e-17 1.00000000
vn 0.0000000e+0 1.00000000 0.0000000e+0
vn 6.1470117e-15 -1.00000000 2.7755576e-15
vn -0.25881905 -5.4210109e-18 0.96592583
vn 0.96592583 5.8854659e-17 0.25881905
vn 6.1470117e-15 -1.00000000 2.7755576e-15
vn -0.25881905 -5.4210109e-18 0.96592583
vn 0.96592583 5.8854659e-17 0.25881905
vn -2.4321330e-15 1.00000000 0.0000000e+0
vn -2.4321330e-15 1.00000000 0.0000000e+0
vn 1.8574393e-15 -1.00000000 5.3796946e-15
vn -0.25881905 -5.4210109e-18 0.96592583
vn 1.8574393e-15 -1.00000000 5.3796946e-15
vn -0.96592583 0.0000000e+0 -0.25881905
vn -0.25881905 -5.4210109e-18 0.96592583
vn -0.96592583 0.0000000e+0 -0.25881905
vn -6.7217054e-15 1.00000000 0.0000000e+0
vn -6.7217054e-15 1.00000000 0.0000000e+0
vn -0.96592583 0.0000000e+0 -0.25881905
vn -8.5791447e-15 1.00000000 0.0000000e+0
vn 0.0000000e+0 -1.00000000 5.2082740e-15
vn -0.96592583 0.0000000e+0 -0.25881905
vn 0.96592583 5.8854659e-17 0.25881905
vn 8.5791447e-15 -1.00000000 0.0000000e+0
vn 0.96592583 5.8854659e-17 0.25881905
vn 0.0000000e+0 1.00000000 0.0000000e+0
vn 5.2137765e-15 -1.00000000 3.9919158e-15
vn -0.50000000 0.0000000e+0 0.86602540
vn 0.86602540 0.0000000e+0 0.50000000
vn 5.2137765e-15 -1.00000000 3.9919158e-15
vn -0.50000000 0.0000000e+0 0.86602540
vn 0.86602540 0.0000000e+0 0.50000000
vn -2.4780742e-15 1.00000000 -3.9919158e-15
vn -2.4780742e-15 1.00000000 -3.9919158e-15
vn 1.3678512e-15 -1.00000000 8.5710285e-17
vn -0.50000000 0.0000000e+0 0.86602540
vn 1.3678512e-15 -1.00000000 8.5710285e-17
vn -0.86602540 0.0000000e+0 -0.50000000
vn -0.50000000 0.0000000e+0 0.86602540
vn -0.86602540 0.0000000e+0 -0.50000000
vn -6.3239996e-15 1.00000000 -2.6898473e-15
vn -6.3239996e-15 1.00000000 -2.6898473e-15
vn -0.86602540 0.0000000e+0 -0.50000000
vn -7.6918507e-15 1.00000000 -2.6041370e-15
vn 0.0000000e+0 -1.00000000 -2.6041370e-15
vn -0.86602540 0.0000000e+0 -0.50000000
vn 0.86602540 0.0000000e+0 0.50000000
vn 7.6918507e-15 -1.00000000 5.2082740e-15
vn 0.86602540 0.0000000e+0 0.50000000
vn 0.0000000e+0 1.00000000 -5.2082740e-15
vn 3.9252311e-15 -1.00000000 6.6817630e-15
vn -0.70710678 2.7879484e-17 0.70710678
vn 0.70710678 5.6674856e-17 0.70710678
vn 3.9252311e-15 -1.00000000 6.6817630e-15
vn -0.70710678 2.7879484e-17 0.70710678
vn 0.70710678 5.6674856e-17 0.70710678
vn -2.3551387e-15 1.00000000 -2.6898473e-15
vn -2.3551387e-15 1.00000000 -2.6898473e-15
vn 7.8504623e-16 -1.00000000 4.0776261e-15
vn -0.70710678 2.7879484e-17 0.70710678
vn 7.8504623e-16 -1.00000000 4.0776261e-15
vn -0.70710678 0.0000000e+0 -0.70710678
vn -0.70710678 2.7879484e-17 0.70710678
vn -0.70710678 0.0000000e+0 -0.70710678
vn -5.4953236e-15 1.00000000 -3.9919158e-15
vn -5.4953236e-15 1.00000000 -3.9919158e-15
vn -0.70710678 0.0000000e+0 -0.70710678
vn -6.2803698e-15 1.00000000 -5.2082740e-15
vn 0.0000000e+0 -1.00000000 2.6041370e-15
vn -0.70710678 0.0000000e+0 -0.70710678
vn 0.70710678 5.6674856e-17 0.70710678
vn 6.2803698e-15 -1.00000000 7.8124110e-15
vn 0.70710678 5.6674856e-17 0.70710678
vn 0.0000000e+0 1.00000000 -2.6041370e-15
vn 2.3691877e-15 -1.00000000 5.3796946e-15
vn -0.86602540 0.0000000e+0 0.50000000
vn 0.50000000 0.0000000e+0 0.86602540
vn 2.3691877e-15 -1.00000000 5.3796946e-15
vn -0.86602540 0.0000000e+0 0.50000000
vn 0.50000000 0.0000000e+0 0.86602540
vn -2.0717044e-15 1.00000000 -8.5710285e-17
vn -2.0717044e-15 1.00000000 -8.5710285e-17
vn 1.4874168e-16 -1.00000000 2.7755576e-15
vn -0.86602540 0.0000000e+0 0.50000000
vn 1.4874168e-16 -1.00000000 2.7755576e-15
vn -0.50000000 0.0000000e+0 -0.86602540
vn -0.86602540 0.0000000e+0 0.50000000
vn -0.50000000 0.0000000e+0 -0.86602540
vn -4.2921504e-15 1.00000000 -2.6898473e-15
vn -4.2921504e-15 1.00000000 -2.6898473e-15
vn -0.50000000 0.0000000e+0 -0.86602540
vn -4.4408921e-15 1.00000000 -2.6041370e-15
vn 0.0000000e+0 -1.00000000 0.0000000e+0
vn -0.50000000 0.0000000e+0 -0.86602540
vn 0.50000000 0.0000000e+0 0.86602540
vn 4.4408921e-15 -1.00000000 5.2082740e-15
vn 0.50000000 0.0000000e+0 0.86602540
vn 0.0000000e+0 1.00000000 2.6041370e-15
vn 6.5168809e-16 -1.00000000 5.3368394e-15
vn -0.96592583 5.4210109e-18 0.25881905
vn 0.25881905 3.8509838e-17 0.96592583
vn 6.5168809e-16 -1.00000000 5.3368394e-15
vn -0.96592583 5.4210109e-18 0.25881905
vn 0.25881905 3.8509838e-17 0.96592583
vn -1.6470868e-15 1.00000000 -1.2856543e-16
vn -1.6470868e-15 1.00000000 -1.2856543e-16
vn -4.9769937e-16 -1.00000000 -1.9695170e-16
vn -0.96592583 5.4210109e-18 0.25881905
vn -4.9769937e-16 -1.00000000 -1.9695170e-16
vn -0.25881905 0.0000000e+0 -0.96592583
vn -0.96592583 5.4210109e-18 0.25881905
vn -0.25881905 0.0000000e+0 -0.96592583
vn -2.7964743e-15 1.00000000 -4.6858052e-15
vn -2.7964743e-15 1.00000000 -4.6858052e-15
vn -0.25881905 0.0000000e+0 -0.96592583
vn -2.2987749e-15 1.00000000 -5.2082740e-15
vn 0.0000000e+0 -1.00000000 -4.5572397e-15
vn -0.25881905 0.0000000e+0 -0.96592583
vn 0.25881905 3.8509838e-17 0.96592583
vn 2.2987749e-15 -1.00000000 6.5103425e-15
vn 0.25881905 3.8509838e-17 0.96592583
vn 0.0000000e+0 1.00000000 3.9062055e-15
vn 1.1102230e-15 -1.00000000 -2.4500404e-15
vn 1.00000000 0.0000000e+0 0.0000000e+0
vn 1.3020685e-16 1.4869058e-17 -1.00000000
vn 1.1102230e-15 -1.00000000 -2.4500404e-15
vn 1.00000000 0.0000000e+0 0.0000000e+0
vn 1.3020685e-16 1.4869058e-17 -1.00000000
vn 1.1102230e-15 1.00000000 2.7755576e-15
vn 1.1102230e-15 1.00000000 2.7755576e-15
vn 1.1102230e-15 -1.00000000 -2.7755576e-15
vn 1.00000000 0.0000000e+0 0.0000000e+0
vn 1.1102230e-15 -1.00000000 -2.7755576e-15
vn -1.3020685e-16 -1.4869058e-17 1.00000000
vn 1.00000000 0.0000000e+0 0.0000000e+0
vn -1.3020685e-16 -1.4869058e-17 1.00000000
vn 1.1102230e-15 1.00000000 2.4500404e-15
vn 1.1102230e-15 1.00000000 2.4500404e-15
vn -1.3020685e-16 -1.4869058e-17 1.00000000
vn -1.1564691e-30 1.00000000 -6.5103425e-16
vn 0.0000000e+0 -1.00000000 0.0000000e+0
vn -1.3020685e-16 -1.4869058e-17 1.00000000
vn 1.3020685e-16 1.4869058e-17 -1.00000000
vn 1.1564691e-30 -1.00000000 6.5103425e-16
vn 1.3020685e-16 1.4869058e-17 -1.00000000
vn 0.0000000e+0 1.00000000 0.0000000e+0
vn -6.1470117e-15 -1.00000000 -2.7755576e-15
vn 0.25881905 -5.4210109e-18 -0.96592583
vn -0.96592583 5.8854659e-17 -0.25881905
vn -6.1470117e-15 -1.00000000 -2.7755576e-15
vn 0.25881905 -5.4210109e-18 -0.96592583
vn -0.96592583 5.8854659e-17 -0.25881905
vn 2.4321330e-15 1.00000000 0.0000000e+0
vn 2.4321330e-15 1.00000000 0.0000000e+0
vn -1.8574393e-15 -1.00000000 -5.3796946e-15
vn 0.25881905 -5.4210109e-18 -0.96592583
vn -1.8574393e-15 -1.00000000 -5.3796946e-15
vn 0.96592583 0.0000000e+0 0.25881905
vn 0.25881905 -5.4210109e-18 -0.96592583
vn 0.96592583 0.0000000e+0 0.25881905
vn 6.7217054e-15 1.00000000 0.0000000e+0
vn 6.7217054e-15 1.00000000 0.0000000e+0
vn 0.96592583 0.0000000e+0 0.25881905
vn 8.5791447e-15 1.00000000 0.0000000e+0
vn 0.0000000e+0 -1.00000000 -5.2082740e-15
vn 0.96592583 0.0000000e+0 0.25881905
vn -0.96592583 5.8854659e-17 -0.25881905
vn -8.5791447e-15 -1.00000000 0.0000000e+0
vn -0.96592583 5.8854659e-17 -0.25881905
vn 0.0000000e+0 1.00000000 0.0000000e+0
vn -5.2137765e-15 -1.00000000 -3.9919158e-15
vn 0.50000000 0.0000000e+0 -0.86602540
vn -0.86602540 0.0000000e+0 -0.50000000
vn -5.2137765e-15 -1.00000000 -3.9919158e-15
vn 0.50000000 0.0000000e+0 -0.86602540
vn -0.86602540 0.0000000e+0 -0.50000000
vn 2.4780742e-15 1.00000000 3.9919158e-15
vn 2.4780742e-15 1.00000000 3.9919158e-15
vn -1.3678512e-15 -1.00000000 -8.5710285e-17
vn 0.50000000 0.0000000e+0 -0.86602540
vn -1.3678512e-15 -1.00000000 -8.5710285e-17
vn 0.86602540 0.0000000e+0 0.50000000
vn 0.50000000 0.0000000e+0 -0.86602540
vn 0.86602540 0.0000000e+0 0.50000000
vn 6.3239996e-15 1.00000000 2.6898473e-15
vn 6.3239996e-15 1.00000000 2.6898473e-15
vn 0.86602540 0.0000000e+0 0.50000000
vn 7.6918507e-15 1.00000000 2.6041370e-15
vn 0.0000000e+0 -1.00000000 2.6041370e-15
vn 0.86602540 0.0000000e+0 0.50000000
vn -0.86602540 0.0000000e+0 -0.50000000
vn -7.6918507e-15 -1.00000000 -5.2082740e-15
vn -0.86602540 0.0000000e+0 -0.50000000
vn 0.0000000e+0 1.00000000 5.2082740e-15
vn -3.9252311e-15 -1.00000000 -6.6817630e-15
vn 0.70710678 2.7879484e-17 -0.70710678
vn -0.70710678 5.6674856e-17 -0.70710678
vn -3.9252311e-15 -1.00000000 -6.6817630e-15
vn 0.70710678 2.7879484e-17 -0.70710678
vn -0.70710678 5.6674856e-17 -0.70710678
vn 2.3551387e-15 1.00000000 2.6898473e-15
vn 2.3551387e-15 1.00000000 2.6898473e-15
vn -7.8504623e-16 -1.00000000 -4.0776261e-15
vn 0.70710678 2.7879484e-17 -0.70710678
vn -7.8504623e-16 -1.00000000 -4.0776261e-15
vn 0.70710678 0.0000000e+0 0.70710678
vn 0.70710678 2.7879484e-17 -0.70710678
vn 0.70710678 0.0000000e+0 0.70710678
vn 5.4953236e-15 1.00000000 3.9919158e-15
vn 5.4953236e-15 1.00000000 3.9919158e-15
vn 0.70710678 0.0000000e+0 0.70710678
vn 6.2803698e-15 1.00000000 5.2082740e-15
vn 0.0000000e+0 -1.00000000 -2.6041370e-15
vn 0.70710678 0.0000000e+0 0.70710678
vn -0.70710678 5.6674856e-17 -0.70710678
vn -6.2803698e-15 -1.00000000 -7.8124110e-15
vn -0.70710678 5.6674856e-17 -0.70710678
vn 0.0000000e+0 1.00000000 2.6041370e-15
vn -2.3691877e-15 -1.00000000 -5.3796946e-15
vn 0.86602540 0.0000000e+0 -0.50000000
vn -0.50000000 0.0000000e+0 -0.86602540
vn -2.3691877e-15 -1.00000000 -5.3796946e-15
vn 0.86602540 0.0000000e+0 -0.50000000
vn -0.50000000 0.0000000e+0 -0.86602540
vn 2.0717044e-15 1.00000000 8.5710285e-17
vn 2.0717044e-15 1.00000000 8.5710285e-17
vn -1.4874168e-16 -1.00000000 -2.7755576e-15
vn 0.86602540 0.0000000e+0 -0.50000000
vn -1.4874168e-16 -1.00000000 -2.7755576e-15
vn 0.50000000 0.0000000e+0 0.86602540
vn 0.86602540 0.0000000e+0 -0.50000000
vn 0.50000000 0.0000000e+0 0.86602540
vn 4.2921504e-15 1.00000000 2.6898473e-15
vn 4.2921504e-15 1.00000000 2.6898473e-15
vn 0.50000000 0.0000000e+0 0.86602540
vn 4.4408921e-15 1.00000000 2.6041370e-15
vn 0.0000000e+0 -1.00000000 0.0000000e+0
vn 0.50000000 0.0000000e+0 0.86602540
vn -0.50000000 0.0000000e+0 -0.86602540
vn -4.4408921e-15 -1.00000000 -5.2082740e-15
vn -0.50000000 0.0000000e+0 -0.86602540
vn 0.0000000e+0 1.00000000 -2.6041370e-15
vn -6.5168809e-16 -1.00000000 -5.3368394e-15
vn 0.96592583 5.4210109e-18 -0.25881905
vn -0.25881905 3.8509838e-17 -0.96592583
vn -6.5168809e-16 -1.00000000 -5.3368394e-15
vn 0.96592583 5.4210109e-18 -0.25881905
vn -0.25881905 3.8509838e-17 -0.96592583
vn 1.6470868e-15 1.00000000 1.2856543e-16
vn 1.6470868e-15 1.00000000 1.2856543e-16
vn 4.9769937e-16 -1.00000000 1.9695170e-16
vn 0.96592583 5.4210109e-18 -0.25881905
vn 4.9769937e-16 -1.00000000 1.9695170e-16
vn 0.25881905 0.0000000e+0 0.96592583
vn 0.96592583 5.4210109e-18 -0.25881905
vn 0.25881905 0.0000000e+0 0.96592583
vn 2.7964743e-15 1.00000000 4.6858052e-15
vn 2.7964743e-15 1.00000000 4.6858052e-15
vn 0.25881905 0.0000000e+0 0.96592583
vn 2.2987749e-15 1.00000000 5.2082740e-15
vn 0.0000000e+0 -1.00000000 4.5572397e-15
vn 0.25881905 0.0000000e+0 0.96592583
vn -0.25881905 3.8509838e-17 -0.96592583
vn -2.2987749e-15 -1.00000000 -6.5103425e-15
vn -0.25881905 3.8509838e-17 -0.96592583
vn 0.0000000e+0 1.00000000 -3.9062055e-15
vn -6.6613381e-15 -1.00000000 -2.6041370e-15
vn 0.0000000e+0 0.0000000e+0 -1.00000000
vn -1.00000000 1.4869058e-17 6.5103425e-17
vn -6.6613381e-15 -1.00000000 -2.6041370e-15
vn 0.0000000e+0 0.0000000e+0 -1.00000000
vn -1.00000000 1.4869058e-17 6.5103425e-17
vn 2.2204460e-15 1.00000000 -2.7755576e-15
vn 2.2204460e-15 1.00000000 -2.7755576e-15
vn -2.2204460e-15 -1.00000000 0.0000000e+0
vn 0.0000000e+0 0.0000000e+0 -1.00000000
vn -2.2204460e-15 -1.00000000 0.0000000e+0
vn 1.00000000 -1.4869058e-17 -6.5103425e-17
vn 0.0000000e+0 0.0000000e+0 -1.00000000
vn 1.00000000 -1.4869058e-17 -6.5103425e-17
vn 6.6613381e-15 1.00000000 -1.7142057e-16
vn 6.6613381e-15 1.00000000 -1.7142057e-16
vn 1.00000000 -1.4869058e-17 -6.5103425e-17
vn 8.8817842e-15 1.00000000 5.2082740e-15
vn 0.0000000e+0 -1.00000000 0.0000000e+0
vn 1.00000000 -1.4869058e-17 -6.5103425e-17
vn -1.00000000 1.4869058e-17 6.5103425e-17
vn -8.8817842e-15 -1.00000000 -5.2082740e-15
vn -1.00000000 1.4869058e-17 6.5103425e-17
vn 0.0000000e+0 1.00000000 0.0000000e+0
vn -2.7964743e-15 -1.00000000 8.5063004e-15
vn -0.96592583 -5.4210109e-18 -0.25881905
vn -0.25881905 5.8854659e-17 0.96592583
vn -2.7964743e-15 -1.00000000 8.5063004e-15
vn -0.96592583 -5.4210109e-18 -0.25881905
vn -0.25881905 5.8854659e-17 0.96592583
vn -4.9769937e-16 1.00000000 7.6227566e-16
vn -4.9769937e-16 1.00000000 7.6227566e-16
vn -1.6470868e-15 -1.00000000 1.9959579e-15
vn -0.96592583 -5.4210109e-18 -0.25881905
vn -1.6470868e-15 -1.00000000 1.9959579e-15
vn 0.25881905 0.0000000e+0 -0.96592583
vn -0.96592583 -5.4210109e-18 -0.25881905
vn 0.25881905 0.0000000e+0 -0.96592583
vn 6.5168809e-16 1.00000000 -9.3287552e-15
vn 6.5168809e-16 1.00000000 -9.3287552e-15
vn 0.25881905 0.0000000e+0 -0.96592583
vn 2.2987749e-15 1.00000000 -1.1718616e-14
vn 0.0000000e+0 -1.00000000 2.6041370e-15
vn 0.25881905 0.0000000e+0 -0.96592583
vn -0.25881905 5.8854659e-17 0.96592583
vn -2.2987749e-15 -1.00000000 1.5624822e-14
vn -0.25881905 5.8854659e-17 0.96592583
vn 0.0000000e+0 1.00000000 8.4634452e-15
vn -4.2921504e-15 -1.00000000 2.6898473e-15
vn -0.86602540 0.0000000e+0 -0.50000000
vn -0.50000000 0.0000000e+0 0.86602540
vn -4.2921504e-15 -1.00000000 2.6898473e-15
vn -0.86602540 0.0000000e+0 -0.50000000
vn -0.50000000 0.0000000e+0 0.86602540
vn 1.4874168e-16 1.00000000 -2.7755576e-15
vn 1.4874168e-16 1.00000000 -2.7755576e-15
vn -2.0717044e-15 -1.00000000 3.9919158e-15
vn -0.86602540 0.0000000e+0 -0.50000000
vn -2.0717044e-15 -1.00000000 3.9919158e-15
