# Exported from Wings 3D 1.5.4
mtllib virgo_fuel_tank_s1_1.mtl
o mesh
#288 vertices, 240 faces
v 0.62500000 0.18750000 -1.2576745e-17
v 0.60370364 0.18750000 0.16176190
v 0.54126588 0.18750000 0.31250000
v 0.44194174 0.18750000 0.44194174
v 0.31250000 0.18750000 0.54126588
v 0.16176190 0.18750000 0.60370364
v -1.3771492e-17 0.18750000 0.62500000
v -0.16176190 0.18750000 0.60370364
v -0.31250000 0.18750000 0.54126588
v -0.44194174 0.18750000 0.44194174
v -0.54126588 0.18750000 0.31250000
v -0.60370364 0.18750000 0.16176190
v -0.62500000 0.18750000 6.3963680e-17
v -0.60370364 0.18750000 -0.16176190
v -0.54126588 0.18750000 -0.31250000
v -0.44194174 0.18750000 -0.44194174
v -0.31250000 0.18750000 -0.54126588
v -0.16176190 0.18750000 -0.60370364
v -1.6685234e-16 0.18750000 -0.62500000
v 0.16176190 0.18750000 -0.60370364
v 0.31250000 0.18750000 -0.54126588
v 0.44194174 0.18750000 -0.44194174
v 0.54126588 0.18750000 -0.31250000
v 0.60370364 0.18750000 -0.16176190
v 0.62500000 -0.18750000 -1.2576745e-17
v 0.60370364 -0.18750000 0.16176190
v 0.54126588 -0.18750000 0.31250000
v 0.44194174 -0.18750000 0.44194174
v 0.31250000 -0.18750000 0.54126588
v 0.16176190 -0.18750000 0.60370364
v -1.3771492e-17 -0.18750000 0.62500000
v -0.16176190 -0.18750000 0.60370364
v -0.31250000 -0.18750000 0.54126588
v -0.44194174 -0.18750000 0.44194174
v -0.54126588 -0.18750000 0.31250000
v -0.60370364 -0.18750000 0.16176190
v -0.62500000 -0.18750000 6.3963680e-17
v -0.60370364 -0.18750000 -0.16176190
v -0.54126588 -0.18750000 -0.31250000
v -0.44194174 -0.18750000 -0.44194174
v -0.31250000 -0.18750000 -0.54126588
v -0.16176190 -0.18750000 -0.60370364
v -1.6685234e-16 -0.18750000 -0.62500000
v 0.16176190 -0.18750000 -0.60370364
v 0.31250000 -0.18750000 -0.54126588
v 0.44194174 -0.18750000 -0.44194174
v 0.54126588 -0.18750000 -0.31250000
v 0.60370364 -0.18750000 -0.16176190
v -0.65000000 -0.16250000 1.2500000e-2
v -0.65000000 0.16250000 1.2500000e-2
v -0.65000000 -0.16250000 -1.2500000e-2
v -0.65000000 0.16250000 -1.2500000e-2
v -0.62335434 0.16250000 -1.2500000e-2
v -0.62335434 -0.16250000 -1.2500000e-2
v -0.62500000 -0.16250000 8.8017657e-17
v -0.62500000 0.16250000 8.9752380e-17
v -0.62335434 -0.16250000 1.2500000e-2
v -0.62335434 0.16250000 1.2500000e-2
v -0.15615831 -0.16250000 0.63108703
v -0.15615831 0.16250000 0.63108703
v -0.18030645 -0.16250000 0.62461655
v -0.18030645 0.16250000 0.62461655
v -0.17341005 0.16250000 0.59887882
v -0.17341005 -0.16250000 0.59887882
v -0.16176190 -0.16250000 0.60370364
v -0.16176190 0.16250000 0.60370364
v -0.14926190 -0.16250000 0.60534930
v -0.14926190 0.16250000 0.60534930
v -0.31417468 -0.16250000 0.56916651
v -0.31417468 0.16250000 0.56916651
v -0.33582532 -0.16250000 0.55666651
v -0.33582532 0.16250000 0.55666651
v -0.32250249 0.16250000 0.53359070
v -0.32250249 -0.16250000 0.53359070
v -0.31250000 -0.16250000 0.54126588
v -0.31250000 0.16250000 0.54126588
v -0.30085185 -0.16250000 0.54609070
v -0.30085185 0.16250000 0.54609070
v -0.45078057 -0.16250000 0.46845824
v -0.45078057 0.16250000 0.46845824
v -0.46845824 -0.16250000 0.45078057
v -0.46845824 0.16250000 0.45078057
v -0.44961692 0.16250000 0.43193925
v -0.44961692 -0.16250000 0.43193925
v -0.44194174 -0.16250000 0.44194174
v -0.44194174 0.16250000 0.44194174
v -0.43193925 -0.16250000 0.44961692
v -0.43193925 0.16250000 0.44961692
v -0.55666651 -0.16250000 0.33582532
v -0.55666651 0.16250000 0.33582532
v -0.56916651 -0.16250000 0.31417468
v -0.56916651 0.16250000 0.31417468
v -0.54609070 0.16250000 0.30085185
v -0.54609070 -0.16250000 0.30085185
v -0.54126588 -0.16250000 0.31250000
v -0.54126588 0.16250000 0.31250000
v -0.53359070 -0.16250000 0.32250249
v -0.53359070 0.16250000 0.32250249
v -0.62461655 -0.16250000 0.18030645
v -0.62461655 0.16250000 0.18030645
v -0.63108703 -0.16250000 0.15615831
v -0.63108703 0.16250000 0.15615831
v -0.60534930 0.16250000 0.14926190
v -0.60534930 -0.16250000 0.14926190
v -0.60370364 -0.16250000 0.16176190
v -0.60370364 0.16250000 0.16176190
v -0.59887882 -0.16250000 0.17341005
v -0.59887882 0.16250000 0.17341005
v 0.65000000 -0.16250000 -1.2500000e-2
v 0.65000000 0.16250000 -1.2500000e-2
v 0.65000000 -0.16250000 1.2500000e-2
v 0.65000000 0.16250000 1.2500000e-2
v 0.62335434 0.16250000 1.2500000e-2
v 0.62335434 -0.16250000 1.2500000e-2
v 0.62500000 -0.16250000 -1.1278508e-16
v 0.62500000 0.16250000 -1.1451981e-16
v 0.62335434 -0.16250000 -1.2500000e-2
v 0.62335434 0.16250000 -1.2500000e-2
v 0.15615831 -0.16250000 -0.63108703
v 0.15615831 0.16250000 -0.63108703
v 0.18030645 -0.16250000 -0.62461655
v 0.18030645 0.16250000 -0.62461655
v 0.17341005 0.16250000 -0.59887882
v 0.17341005 -0.16250000 -0.59887882
v 0.16176190 -0.16250000 -0.60370364
v 0.16176190 0.16250000 -0.60370364
v 0.14926190 -0.16250000 -0.60534930
v 0.14926190 0.16250000 -0.60534930
v 0.31417468 -0.16250000 -0.56916651
v 0.31417468 0.16250000 -0.56916651
v 0.33582532 -0.16250000 -0.55666651
v 0.33582532 0.16250000 -0.55666651
v 0.32250249 0.16250000 -0.53359070
v 0.32250249 -0.16250000 -0.53359070
v 0.31250000 -0.16250000 -0.54126588
v 0.31250000 0.16250000 -0.54126588
v 0.30085185 -0.16250000 -0.54609070
v 0.30085185 0.16250000 -0.54609070
v 0.45078057 -0.16250000 -0.46845824
v 0.45078057 0.16250000 -0.46845824
v 0.46845824 -0.16250000 -0.45078057
v 0.46845824 0.16250000 -0.45078057
v 0.44961692 0.16250000 -0.43193925
v 0.44961692 -0.16250000 -0.43193925
v 0.44194174 -0.16250000 -0.44194174
v 0.44194174 0.16250000 -0.44194174
v 0.43193925 -0.16250000 -0.44961692
v 0.43193925 0.16250000 -0.44961692
v 0.55666651 -0.16250000 -0.33582532
v 0.55666651 0.16250000 -0.33582532
v 0.56916651 -0.16250000 -0.31417468
v 0.56916651 0.16250000 -0.31417468
v 0.54609070 0.16250000 -0.30085185
v 0.54609070 -0.16250000 -0.30085185
v 0.54126588 -0.16250000 -0.31250000
v 0.54126588 0.16250000 -0.31250000
v 0.53359070 -0.16250000 -0.32250249
v 0.53359070 0.16250000 -0.32250249
v 0.62461655 -0.16250000 -0.18030645
v 0.62461655 0.16250000 -0.18030645
v 0.63108703 -0.16250000 -0.15615831
v 0.63108703 0.16250000 -0.15615831
v 0.60534930 0.16250000 -0.14926190
v 0.60534930 -0.16250000 -0.14926190
v 0.60370364 -0.16250000 -0.16176190
v 0.60370364 0.16250000 -0.16176190
v 0.59887882 -0.16250000 -0.17341005
v 0.59887882 0.16250000 -0.17341005
v -1.2500000e-2 -0.16250000 -0.65000000
v -1.2500000e-2 0.16250000 -0.65000000
v 1.2500000e-2 -0.16250000 -0.65000000
v 1.2500000e-2 0.16250000 -0.65000000
v 1.2500000e-2 0.16250000 -0.62335434
v 1.2500000e-2 -0.16250000 -0.62335434
v -1.7694179e-16 -0.16250000 -0.62500000
v -1.7867652e-16 0.16250000 -0.62500000
v -1.2500000e-2 -0.16250000 -0.62335434
v -1.2500000e-2 0.16250000 -0.62335434
v -0.63108703 -0.16250000 -0.15615831
v -0.63108703 0.16250000 -0.15615831
v -0.62461655 -0.16250000 -0.18030645
v -0.62461655 0.16250000 -0.18030645
v -0.59887882 0.16250000 -0.17341005
v -0.59887882 -0.16250000 -0.17341005
v -0.60370364 -0.16250000 -0.16176190
v -0.60370364 0.16250000 -0.16176190
v -0.60534930 -0.16250000 -0.14926190
v -0.60534930 0.16250000 -0.14926190
v -0.56916651 -0.16250000 -0.31417468
v -0.56916651 0.16250000 -0.31417468
v -0.55666651 -0.16250000 -0.33582532
v -0.55666651 0.16250000 -0.33582532
v -0.53359070 0.16250000 -0.32250249
v -0.53359070 -0.16250000 -0.32250249
v -0.54126588 -0.16250000 -0.31250000
v -0.54126588 0.16250000 -0.31250000
v -0.54609070 -0.16250000 -0.30085185
v -0.54609070 0.16250000 -0.30085185
v -0.46845824 -0.16250000 -0.45078057
v -0.46845824 0.16250000 -0.45078057
v -0.45078057 -0.16250000 -0.46845824
v -0.45078057 0.16250000 -0.46845824
v -0.43193925 0.16250000 -0.44961692
v -0.43193925 -0.16250000 -0.44961692
v -0.44194174 -0.16250000 -0.44194174
v -0.44194174 0.16250000 -0.44194174
v -0.44961692 -0.16250000 -0.43193925
v -0.44961692 0.16250000 -0.43193925
v -0.33582532 -0.16250000 -0.55666651
v -0.33582532 0.16250000 -0.55666651
v -0.31417468 -0.16250000 -0.56916651
v -0.31417468 0.16250000 -0.56916651
v -0.30085185 0.16250000 -0.54609070
v -0.30085185 -0.16250000 -0.54609070
v -0.31250000 -0.16250000 -0.54126588
v -0.31250000 0.16250000 -0.54126588
v -0.32250249 -0.16250000 -0.53359070
v -0.32250249 0.16250000 -0.53359070
v -0.18030645 -0.16250000 -0.62461655
v -0.18030645 0.16250000 -0.62461655
v -0.15615831 -0.16250000 -0.63108703
v -0.15615831 0.16250000 -0.63108703
v -0.14926190 0.16250000 -0.60534930
v -0.14926190 -0.16250000 -0.60534930
v -0.16176190 -0.16250000 -0.60370364
v -0.16176190 0.16250000 -0.60370364
v -0.17341005 -0.16250000 -0.59887882
v -0.17341005 0.16250000 -0.59887882
v 1.2500000e-2 -0.16250000 0.65000000
v 1.2500000e-2 0.16250000 0.65000000
v -1.2500000e-2 -0.16250000 0.65000000
v -1.2500000e-2 0.16250000 0.65000000
v -1.2500000e-2 0.16250000 0.62335434
v -1.2500000e-2 -0.16250000 0.62335434
v 1.0040137e-16 -0.16250000 0.62500000
v 1.0213609e-16 0.16250000 0.62500000
v 1.2500000e-2 -0.16250000 0.62335434
v 1.2500000e-2 0.16250000 0.62335434
v 0.63108703 -0.16250000 0.15615831
v 0.63108703 0.16250000 0.15615831
v 0.62461655 -0.16250000 0.18030645
v 0.62461655 0.16250000 0.18030645
v 0.59887882 0.16250000 0.17341005
v 0.59887882 -0.16250000 0.17341005
v 0.60370364 -0.16250000 0.16176190
v 0.60370364 0.16250000 0.16176190
v 0.60534930 -0.16250000 0.14926190
v 0.60534930 0.16250000 0.14926190
v 0.56916651 -0.16250000 0.31417468
v 0.56916651 0.16250000 0.31417468
v 0.55666651 -0.16250000 0.33582532
v 0.55666651 0.16250000 0.33582532
v 0.53359070 0.16250000 0.32250249
v 0.53359070 -0.16250000 0.32250249
v 0.54126588 -0.16250000 0.31250000
v 0.54126588 0.16250000 0.31250000
v 0.54609070 -0.16250000 0.30085185
v 0.54609070 0.16250000 0.30085185
v 0.46845824 -0.16250000 0.45078057
v 0.46845824 0.16250000 0.45078057
v 0.45078057 -0.16250000 0.46845824
v 0.45078057 0.16250000 0.46845824
v 0.43193925 0.16250000 0.44961692
v 0.43193925 -0.16250000 0.44961692
v 0.44194174 -0.16250000 0.44194174
v 0.44194174 0.16250000 0.44194174
v 0.44961692 -0.16250000 0.43193925
v 0.44961692 0.16250000 0.43193925
v 0.33582532 -0.16250000 0.55666651
v 0.33582532 0.16250000 0.55666651
v 0.31417468 -0.16250000 0.56916651
v 0.31417468 0.16250000 0.56916651
v 0.30085185 0.16250000 0.54609070
v 0.30085185 -0.16250000 0.54609070
v 0.31250000 -0.16250000 0.54126588
v 0.31250000 0.16250000 0.54126588
v 0.32250249 -0.16250000 0.53359070
v 0.32250249 0.16250000 0.53359070
v 0.18030645 -0.16250000 0.62461655
v 0.18030645 0.16250000 0.62461655
v 0.15615831 -0.16250000 0.63108703
v 0.15615831 0.16250000 0.63108703
v 0.14926190 0.16250000 0.60534930
v 0.14926190 -0.16250000 0.60534930
v 0.16176190 -0.16250000 0.60370364
v 0.16176190 0.16250000 0.60370364
v 0.17341005 -0.16250000 0.59887882
v 0.17341005 0.16250000 0.59887882
vt 0.87884241 0.85010555
vt 0.87884241 0.92361784
vt 0.87884241 0.85010555
vt 0.87884241 0.92361784
vt 0.87884241 0.85010555
vt 0.88984759 0.82128800
vt 0.88984759 0.82128800
vt 0.88984759 0.82128800
vt 0.88984759 0.82373841
vt 0.88984759 0.82373841
vt 0.88984759 0.82373841
vt 0.88984759 0.82618882
vt 0.88984759 0.82618882
vt 0.88984759 0.82618882
vt 0.88984759 0.82618882
vt 0.88984759 0.82128800
vt 0.88984759 0.82128800
vt 0.88984759 0.82128800
vt 0.88984759 0.82128800
vt 0.88984759 0.82373841
vt 0.88984759 0.82373841
vt 0.88984759 0.82373841
vt 0.88984759 0.82373841
vt 0.88984759 0.82373841
vt 0.88984759 0.82618882
vt 0.88984759 0.82618882
vt 0.88984759 0.82618882
vt 0.88984759 0.82618882
vt 0.88984759 0.82128800
vt 0.88984759 0.82128800
vt 0.88984759 0.82373841
vt 0.88984759 0.82373841
vt 0.88984759 0.82373841
vt 0.88984759 0.82618882
vt 0.88984759 0.82618882
vt 0.89496348 0.82618882
vt 0.89496348 0.83141224
vt 0.89496348 0.81606458
vt 0.89496348 0.82128800
vt 0.89496348 0.82618882
vt 0.89496348 0.83141224
vt 0.89496348 0.81606458
vt 0.89496348 0.81606458
vt 0.89496348 0.81606458
vt 0.89496348 0.81606458
vt 0.89496348 0.81606458
vt 0.89496348 0.82128800
vt 0.89496348 0.82128800
vt 0.89496348 0.82128800
vt 0.89496348 0.82618882
vt 0.89496348 0.82618882
vt 0.89496348 0.82618882
vt 0.89496348 0.83141224
vt 0.89496348 0.83141224
vt 0.89496348 0.83141224
vt 0.89496348 0.83141224
vt 0.89496348 0.81606458
vt 0.89496348 0.81606458
vt 0.89496348 0.82128800
vt 0.89496348 0.82618882
vt 0.89496348 0.82618882
vt 0.89496348 0.83141224
vt 0.89496348 0.83141224
vt 0.89496348 0.83141224
vt 0.89496348 0.81606458
vt 0.89496348 0.81606458
vt 0.89496348 0.81606458
vt 0.89496348 0.81606458
vt 0.89496348 0.82128800
vt 0.89496348 0.82128800
vt 0.89496348 0.82128800
vt 0.89496348 0.82618882
vt 0.89496348 0.82618882
vt 0.89496348 0.82618882
vt 0.89496348 0.82618882
vt 0.89496348 0.83141224
vt 0.89496348 0.83141224
vt 0.89496348 0.81606458
vt 0.89496348 0.82128800
vt 0.89496348 0.82128800
vt 0.89496348 0.83141224
vt 0.89496348 0.82128800
vt 0.89496348 0.82128800
vt 0.89496348 0.82618882
vt 0.91082667 0.85010555
vt 0.91082667 0.92361784
vt 0.91082667 0.85010555
vt 0.91082667 0.92361784
vt 0.91082667 0.85010555
vt 0.91082667 0.92361784
vt 0.91082667 0.85010555
vt 0.94281094 0.85010555
vt 0.94281094 0.92361784
vt 0.94281094 0.85010555
vt 0.94281094 0.92361784
vt 0.94281094 0.85010555
vt 0.94281094 0.92361784
vt 0.95867413 0.82128800
vt 0.95867413 0.82618882
vt 0.95867413 0.82618882
vt 0.95867413 0.81606458
vt 0.95867413 0.81606458
vt 0.95867413 0.82128800
vt 0.95867413 0.82618882
vt 0.95867413 0.82618882
vt 0.95867413 0.82618882
vt 0.95867413 0.83141224
vt 0.95867413 0.81606458
vt 0.95867413 0.81606458
vt 0.95867413 0.82128800
vt 0.95867413 0.82128800
vt 0.95867413 0.82128800
vt 0.95867413 0.82618882
vt 0.95867413 0.82618882
vt 0.95867413 0.82618882
vt 0.95867413 0.82618882
vt 0.95867413 0.83141224
vt 0.95867413 0.83141224
vt 0.95867413 0.83141224
vt 0.95867413 0.83141224
vt 0.95867413 0.81606458
vt 0.95867413 0.81606458
vt 0.95867413 0.81606458
vt 0.95867413 0.81606458
vt 0.95867413 0.82128800
vt 0.95867413 0.82128800
vt 0.95867413 0.82128800
vt 0.95867413 0.82128800
vt 0.95867413 0.82618882
vt 0.95867413 0.82618882
vt 0.95867413 0.82618882
vt 0.95867413 0.82618882
vt 0.95867413 0.83141224
vt 0.95867413 0.83141224
vt 0.95867413 0.83141224
vt 0.95867413 0.83141224
vt 0.95867413 0.81606458
vt 0.95867413 0.81606458
vt 0.95867413 0.81606458
vt 0.95867413 0.82128800
vt 0.95867413 0.83141224
vt 0.95867413 0.83141224
vt 0.95867413 0.83141224
vt 0.95867413 0.83141224
vt 0.95867413 0.83141224
vt 0.95867413 0.81606458
vt 0.95867413 0.82128800
vt 0.95867413 0.83141224
vt 0.95867413 0.83141224
vt 0.96379002 0.82128800
vt 0.96379002 0.82128800
vt 0.96379002 0.82128800
vt 0.96379002 0.82128800
vt 0.96379002 0.82373841
vt 0.96379002 0.82373841
vt 0.96379002 0.82373841
vt 0.96379002 0.82373841
vt 0.96379002 0.82618882
vt 0.96379002 0.82618882
vt 0.96379002 0.82618882
vt 0.96379002 0.82618882
vt 0.96379002 0.82618882
vt 0.96379002 0.82128800
vt 0.96379002 0.82128800
vt 0.96379002 0.82128800
vt 0.96379002 0.82128800
vt 0.96379002 0.82128800
vt 0.96379002 0.82128800
vt 0.96379002 0.82373841
vt 0.96379002 0.82373841
vt 0.96379002 0.82373841
vt 0.96379002 0.82373841
vt 0.96379002 0.82373841
vt 0.96379002 0.82373841
vt 0.96379002 0.82618882
vt 0.96379002 0.82618882
vt 0.96379002 0.82618882
vt 0.96379002 0.82618882
vt 0.96379002 0.82618882
vt 0.96379002 0.82618882
vt 0.97479520 0.85010555
vt 0.97479520 0.85010555
vt 0.97479520 0.92361784
vt 0.97479520 0.85010555
vt 0.97479520 0.92361784
vn -1.8503717e-16 -1.00000000 5.2140487e-15
vn -1.8503717e-16 1.00000000 -5.2140487e-15
vn 5.3140743e-15 -1.00000000 2.2272543e-15
vn -5.4098566e-15 1.00000000 -8.1090547e-16
vn 4.7148881e-15 -1.00000000 3.5578929e-15
vn -4.8999253e-15 1.00000000 -2.6041370e-15
vn 3.7943901e-15 -1.00000000 4.8599614e-15
vn -4.0560722e-15 1.00000000 -3.5293228e-15
vn 2.6153107e-15 -1.00000000 6.3790413e-15
vn -2.9358045e-15 1.00000000 -5.4538555e-15
vn 1.2580021e-15 -1.00000000 5.8365128e-15
vn -1.6154665e-15 1.00000000 -4.9970372e-15
vn 1.8503717e-16 -1.00000000 -5.2140487e-15
vn 1.8503717e-16 1.00000000 5.2140487e-15
vn -5.3140743e-15 -1.00000000 -2.2272543e-15
vn 5.4098566e-15 1.00000000 8.1090547e-16
vn -4.7148881e-15 -1.00000000 -3.5578929e-15
vn 4.8999253e-15 1.00000000 2.6041370e-15
vn -3.7943901e-15 -1.00000000 -4.8599614e-15
vn 4.0560722e-15 1.00000000 3.5293228e-15
vn -2.6153107e-15 -1.00000000 -6.3790413e-15
vn 2.9358045e-15 1.00000000 5.4538555e-15
vn -1.2580021e-15 -1.00000000 -5.8365128e-15
vn 1.6154665e-15 1.00000000 4.9970372e-15
vn -5.5511151e-15 -1.00000000 -9.2518585e-16
vn 5.5511151e-15 1.00000000 -9.2518585e-16
vn -1.6154665e-15 -1.00000000 6.0249541e-15
vn 1.2580021e-15 1.00000000 -7.4640984e-15
vn -2.9358045e-15 -1.00000000 5.0198327e-15
vn 2.6153107e-15 1.00000000 -5.9450185e-15
vn -4.0560722e-15 -1.00000000 3.5007528e-15
vn 3.7943901e-15 1.00000000 -4.8599614e-15
vn -4.8999253e-15 -1.00000000 2.1986843e-15
vn 4.7148881e-15 1.00000000 -3.0953000e-15
vn -5.4098566e-15 -1.00000000 -5.7140190e-17
vn 5.3140743e-15 1.00000000 -1.7932315e-15
vn 5.5511151e-15 -1.00000000 8.6804566e-16
vn -5.5511151e-15 1.00000000 8.6804566e-16
vn 1.6154665e-15 -1.00000000 -6.0249541e-15
vn -1.2580021e-15 1.00000000 7.4640984e-15
vn 2.9358045e-15 -1.00000000 -5.0198327e-15
vn -2.6153107e-15 1.00000000 5.9450185e-15
vn 4.0560722e-15 -1.00000000 -3.5007528e-15
vn -3.7943901e-15 1.00000000 4.8599614e-15
vn 4.8999253e-15 -1.00000000 -2.1986843e-15
vn -4.7148881e-15 1.00000000 3.0953000e-15
vn 5.4098566e-15 -1.00000000 5.7140190e-17
vn -5.3140743e-15 1.00000000 1.7932315e-15
vn 1.00000000 0.0000000e+0 -1.2597785e-16
vn 1.00000000 0.0000000e+0 -1.2597785e-16
vn 0.96592583 0.0000000e+0 0.25881905
vn 0.96592583 0.0000000e+0 0.25881905
vn 0.86602540 0.0000000e+0 0.50000000
vn 0.86602540 0.0000000e+0 0.50000000
vn 0.70710678 0.0000000e+0 0.70710678
vn 0.70710678 0.0000000e+0 0.70710678
vn 0.50000000 0.0000000e+0 0.86602540
vn 0.50000000 0.0000000e+0 0.86602540
vn 0.25881905 0.0000000e+0 0.96592583
vn 0.25881905 0.0000000e+0 0.96592583
vn 3.0794585e-16 0.0000000e+0 1.00000000
vn 3.0794585e-16 0.0000000e+0 1.00000000
vn -0.25881905 0.0000000e+0 0.96592583
vn -0.25881905 0.0000000e+0 0.96592583
vn -0.50000000 0.0000000e+0 0.86602540
vn -0.50000000 0.0000000e+0 0.86602540
vn -0.70710678 0.0000000e+0 0.70710678
vn -0.70710678 0.0000000e+0 0.70710678
vn -0.86602540 0.0000000e+0 0.50000000
vn -0.86602540 0.0000000e+0 0.50000000
vn -0.96592583 0.0000000e+0 0.25881905
vn -0.96592583 0.0000000e+0 0.25881905
vn -1.00000000 0.0000000e+0 5.5990155e-16
vn -1.00000000 0.0000000e+0 5.5990155e-16
vn -0.96592583 0.0000000e+0 -0.25881905
vn -0.96592583 0.0000000e+0 -0.25881905
vn -0.86602540 0.0000000e+0 -0.50000000
vn -0.86602540 0.0000000e+0 -0.50000000
vn -0.70710678 0.0000000e+0 -0.70710678
vn -0.70710678 0.0000000e+0 -0.70710678
vn -0.50000000 0.0000000e+0 -0.86602540
vn -0.50000000 0.0000000e+0 -0.86602540
vn -0.25881905 0.0000000e+0 -0.96592583
vn -0.25881905 0.0000000e+0 -0.96592583
vn -4.6191878e-16 0.0000000e+0 -1.00000000
vn -4.6191878e-16 0.0000000e+0 -1.00000000
vn 0.25881905 0.0000000e+0 -0.96592583
vn 0.25881905 0.0000000e+0 -0.96592583
vn 0.50000000 0.0000000e+0 -0.86602540
vn 0.50000000 0.0000000e+0 -0.86602540
vn 0.70710678 0.0000000e+0 -0.70710678
vn 0.70710678 0.0000000e+0 -0.70710678
vn 0.86602540 0.0000000e+0 -0.50000000
vn 0.86602540 0.0000000e+0 -0.50000000
vn 0.96592583 0.0000000e+0 -0.25881905
vn 0.96592583 0.0000000e+0 -0.25881905
vn 1.00000000 0.0000000e+0 -1.2597785e-16
vn 1.00000000 0.0000000e+0 -1.2597785e-16
vn 0.96592583 0.0000000e+0 0.25881905
vn 0.96592583 0.0000000e+0 0.25881905
vn 0.86602540 0.0000000e+0 0.50000000
vn 0.86602540 0.0000000e+0 0.50000000
vn 0.70710678 0.0000000e+0 0.70710678
vn 0.70710678 0.0000000e+0 0.70710678
vn 0.50000000 0.0000000e+0 0.86602540
vn 0.50000000 0.0000000e+0 0.86602540
vn 0.25881905 0.0000000e+0 0.96592583
vn 0.25881905 0.0000000e+0 0.96592583
vn 3.0794585e-16 0.0000000e+0 1.00000000
vn 3.0794585e-16 0.0000000e+0 1.00000000
vn -0.25881905 0.0000000e+0 0.96592583
vn -0.25881905 0.0000000e+0 0.96592583
vn -0.50000000 0.0000000e+0 0.86602540
vn -0.50000000 0.0000000e+0 0.86602540
vn -0.70710678 0.0000000e+0 0.70710678
vn -0.70710678 0.0000000e+0 0.70710678
vn -0.86602540 0.0000000e+0 0.50000000
vn -0.86602540 0.0000000e+0 0.50000000
vn -0.96592583 0.0000000e+0 0.25881905
vn -0.96592583 0.0000000e+0 0.25881905
vn -1.00000000 0.0000000e+0 5.5990155e-16
vn -1.00000000 0.0000000e+0 5.5990155e-16
vn -0.96592583 0.0000000e+0 -0.25881905
vn -0.96592583 0.0000000e+0 -0.25881905
vn -0.86602540 0.0000000e+0 -0.50000000
vn -0.86602540 0.0000000e+0 -0.50000000
vn -0.70710678 0.0000000e+0 -0.70710678
vn -0.70710678 0.0000000e+0 -0.70710678
vn -0.50000000 0.0000000e+0 -0.86602540
vn -0.50000000 0.0000000e+0 -0.86602540
vn -0.25881905 0.0000000e+0 -0.96592583
vn -0.25881905 0.0000000e+0 -0.96592583
vn -4.6191878e-16 0.0000000e+0 -1.00000000
vn -4.6191878e-16 0.0000000e+0 -1.00000000
vn 0.25881905 0.0000000e+0 -0.96592583
vn 0.25881905 0.0000000e+0 -0.96592583
vn 0.50000000 0.0000000e+0 -0.86602540
vn 0.50000000 0.0000000e+0 -0.86602540
vn 0.70710678 0.0000000e+0 -0.70710678
vn 0.70710678 0.0000000e+0 -0.70710678
vn 0.86602540 0.0000000e+0 -0.50000000
vn 0.86602540 0.0000000e+0 -0.50000000
vn 0.96592583 0.0000000e+0 -0.25881905
vn 0.96592583 0.0000000e+0 -0.25881905
vn -2.7755576e-16 -1.00000000 7.6583144e-15
vn -1.00000000 0.0000000e+0 0.0000000e+0
vn 0.0000000e+0 3.2025664e-17 1.00000000
vn -2.7755576e-16 -1.00000000 7.6583144e-15
vn -1.00000000 0.0000000e+0 0.0000000e+0
vn 0.0000000e+0 3.2025664e-17 1.00000000
vn -2.7755576e-16 1.00000000 -2.9383161e-15
vn -2.7755576e-16 1.00000000 -2.9383161e-15
vn -2.7755576e-16 -1.00000000 2.9383161e-15
vn -1.00000000 0.0000000e+0 0.0000000e+0
vn -2.7755576e-16 -1.00000000 2.9383161e-15
vn 0.0000000e+0 -3.2025664e-17 -1.00000000
vn -1.00000000 0.0000000e+0 0.0000000e+0
vn 0.0000000e+0 -3.2025664e-17 -1.00000000
vn -2.7755576e-16 1.00000000 -7.6583144e-15
vn -2.7755576e-16 1.00000000 -7.6583144e-15
vn 0.0000000e+0 -3.2025664e-17 -1.00000000
vn 0.0000000e+0 1.00000000 -9.7655137e-15
vn 0.0000000e+0 -1.00000000 3.2551712e-16
vn 0.0000000e+0 -3.2025664e-17 -1.00000000
vn 0.0000000e+0 3.2025664e-17 1.00000000
vn 0.0000000e+0 -1.00000000 9.7655137e-15
vn 0.0000000e+0 3.2025664e-17 1.00000000
vn 0.0000000e+0 1.00000000 -3.2551712e-16
vn 5.8263253e-15 -1.00000000 2.6898473e-15
vn -0.25881905 -1.1676023e-17 0.96592583
vn 0.96592583 1.2676388e-16 0.25881905
vn 5.8263253e-15 -1.00000000 2.6898473e-15
vn -0.25881905 -1.1676023e-17 0.96592583
vn 0.96592583 1.2676388e-16 0.25881905
vn -4.8976056e-15 1.00000000 8.5710285e-17
vn -4.8976056e-15 1.00000000 8.5710285e-17
vn 4.7539322e-15 -1.00000000 2.0388130e-15
vn -0.25881905 -1.1676023e-17 0.96592583
vn 4.7539322e-15 -1.00000000 2.0388130e-15
vn -0.96592583 0.0000000e+0 -0.25881905
vn -0.25881905 -1.1676023e-17 0.96592583
vn -0.96592583 0.0000000e+0 -0.25881905
vn -5.9699987e-15 1.00000000 8.5710285e-17
vn -5.9699987e-15 1.00000000 8.5710285e-17
vn -0.96592583 0.0000000e+0 -0.25881905
vn -6.4343586e-15 1.00000000 -2.6041370e-15
vn 4.2895724e-15 -1.00000000 1.3020685e-15
vn -0.96592583 0.0000000e+0 -0.25881905
vn 0.96592583 1.2676388e-16 0.25881905
vn 6.4343586e-15 -1.00000000 2.6041370e-15
vn 0.96592583 1.2676388e-16 0.25881905
vn -4.2895724e-15 1.00000000 -2.6041370e-15
vn 5.1493695e-15 -1.00000000 4.6858052e-15
vn -0.50000000 0.0000000e+0 0.86602540
vn 0.86602540 0.0000000e+0 0.50000000
vn 5.1493695e-15 -1.00000000 4.6858052e-15
vn -0.50000000 0.0000000e+0 0.86602540
vn 0.86602540 0.0000000e+0 0.50000000
vn -4.4654439e-15 1.00000000 -1.9531027e-15
vn -4.4654439e-15 1.00000000 -1.9531027e-15
vn 4.1878882e-15 -1.00000000 2.7327024e-15
vn -0.50000000 0.0000000e+0 0.86602540
vn 4.1878882e-15 -1.00000000 2.7327024e-15
vn -0.86602540 0.0000000e+0 -0.50000000
vn -0.50000000 0.0000000e+0 0.86602540
vn -0.86602540 0.0000000e+0 -0.50000000
vn -5.4269253e-15 1.00000000 -1.9531027e-15
vn -5.4269253e-15 1.00000000 -1.9531027e-15
vn -0.86602540 0.0000000e+0 -0.50000000
vn -5.7688881e-15 1.00000000 -3.9062055e-15
vn 3.8459254e-15 -1.00000000 1.3020685e-15
vn -0.86602540 0.0000000e+0 -0.50000000
vn 0.86602540 0.0000000e+0 0.50000000
vn 5.7688881e-15 -1.00000000 5.2082740e-15
vn 0.86602540 0.0000000e+0 0.50000000
vn -3.8459254e-15 1.00000000 -3.9062055e-15
vn 4.1214927e-15 -1.00000000 5.9878737e-15
vn -0.70710678 6.0048120e-17 0.70710678
vn 0.70710678 1.2206892e-16 0.70710678
vn 4.1214927e-15 -1.00000000 5.9878737e-15
vn -0.70710678 6.0048120e-17 0.70710678
vn 0.70710678 1.2206892e-16 0.70710678
vn -3.7289696e-15 1.00000000 -2.6898473e-15
vn -3.7289696e-15 1.00000000 -2.6898473e-15
vn 3.3364465e-15 -1.00000000 3.3837367e-15
vn -0.70710678 6.0048120e-17 0.70710678
vn 3.3364465e-15 -1.00000000 3.3837367e-15
vn -0.70710678 0.0000000e+0 -0.70710678
vn -0.70710678 6.0048120e-17 0.70710678
vn -0.70710678 0.0000000e+0 -0.70710678
vn -4.5140158e-15 1.00000000 -3.9919158e-15
vn -4.5140158e-15 1.00000000 -3.9919158e-15
vn -0.70710678 0.0000000e+0 -0.70710678
vn -4.7102774e-15 1.00000000 -5.2082740e-15
vn 3.1401849e-15 -1.00000000 2.6041370e-15
vn -0.70710678 0.0000000e+0 -0.70710678
vn 0.70710678 1.2206892e-16 0.70710678
vn 4.7102774e-15 -1.00000000 7.8124110e-15
vn 0.70710678 1.2206892e-16 0.70710678
vn -3.1401849e-15 1.00000000 -2.6041370e-15
vn 2.8127430e-15 -1.00000000 5.9878737e-15
vn -0.86602540 0.0000000e+0 0.50000000
vn 0.50000000 0.0000000e+0 0.86602540
vn 2.8127430e-15 -1.00000000 5.9878737e-15
vn -0.86602540 0.0000000e+0 0.50000000
vn 0.50000000 0.0000000e+0 0.86602540
vn -2.7383721e-15 1.00000000 -3.2980264e-15
vn -2.7383721e-15 1.00000000 -3.2980264e-15
vn 2.2576315e-15 -1.00000000 5.6623565e-15
vn -0.86602540 0.0000000e+0 0.50000000
vn 2.2576315e-15 -1.00000000 5.6623565e-15
vn -0.50000000 0.0000000e+0 -0.86602540
vn -0.86602540 0.0000000e+0 0.50000000
vn -0.50000000 0.0000000e+0 -0.86602540
vn -3.2934837e-15 1.00000000 -5.5766463e-15
vn -3.2934837e-15 1.00000000 -5.5766463e-15
vn -0.50000000 0.0000000e+0 -0.86602540
vn -3.3306691e-15 1.00000000 -9.7655137e-15
vn 2.2204460e-15 -1.00000000 7.1613767e-15
vn -0.50000000 0.0000000e+0 -0.86602540
vn 0.50000000 0.0000000e+0 0.86602540
vn 3.3306691e-15 -1.00000000 7.8124110e-15
vn 0.50000000 0.0000000e+0 0.86602540
vn -2.2204460e-15 1.00000000 -5.2082740e-15
vn 1.3123095e-15 -1.00000000 5.6623565e-15
vn -0.96592583 1.1676023e-17 0.25881905
vn 0.25881905 8.2944267e-17 0.96592583
vn 1.3123095e-15 -1.00000000 5.6623565e-15
vn -0.96592583 1.1676023e-17 0.25881905
vn 0.25881905 8.2944267e-17 0.96592583
vn -1.5611592e-15 1.00000000 -5.0541774e-15
vn -1.5611592e-15 1.00000000 -5.0541774e-15
vn 1.0249626e-15 -1.00000000 5.1740808e-15
vn -0.96592583 1.1676023e-17 0.25881905
vn 1.0249626e-15 -1.00000000 5.1740808e-15
vn -0.25881905 0.0000000e+0 -0.96592583
vn -0.96592583 1.1676023e-17 0.25881905
vn -0.25881905 0.0000000e+0 -0.96592583
vn -1.8485060e-15 1.00000000 -5.2169360e-15
vn -1.8485060e-15 1.00000000 -5.2169360e-15
vn -0.25881905 0.0000000e+0 -0.96592583
vn -1.7240812e-15 1.00000000 -4.8827569e-15
vn 1.1493875e-15 -1.00000000 6.1848254e-15
vn -0.25881905 0.0000000e+0 -0.96592583
vn 0.25881905 8.2944267e-17 0.96592583
vn 1.7240812e-15 -1.00000000 7.1613767e-15
vn 0.25881905 8.2944267e-17 0.96592583
vn -1.1493875e-15 1.00000000 -4.5572397e-15
vn 2.7755576e-16 -1.00000000 -7.6583144e-15
vn 1.00000000 0.0000000e+0 0.0000000e+0
vn 1.3020685e-16 3.2025664e-17 -1.00000000
vn 2.7755576e-16 -1.00000000 -7.6583144e-15
vn 1.00000000 0.0000000e+0 0.0000000e+0
vn 1.3020685e-16 3.2025664e-17 -1.00000000
vn 2.7755576e-16 1.00000000 2.9383161e-15
vn 2.7755576e-16 1.00000000 2.9383161e-15
vn 2.7755576e-16 -1.00000000 -2.9383161e-15
vn 1.00000000 0.0000000e+0 0.0000000e+0
vn 2.7755576e-16 -1.00000000 -2.9383161e-15
vn -1.3020685e-16 -3.2025664e-17 1.00000000
vn 1.00000000 0.0000000e+0 0.0000000e+0
vn -1.3020685e-16 -3.2025664e-17 1.00000000
vn 2.7755576e-16 1.00000000 7.6583144e-15
vn 2.7755576e-16 1.00000000 7.6583144e-15
vn -1.3020685e-16 -3.2025664e-17 1.00000000
vn -5.7823457e-31 1.00000000 9.7655137e-15
vn 5.7823457e-31 -1.00000000 -3.2551712e-16
vn -1.3020685e-16 -3.2025664e-17 1.00000000
vn 1.3020685e-16 3.2025664e-17 -1.00000000
vn 1.1564691e-30 -1.00000000 -9.7655137e-15
vn 1.3020685e-16 3.2025664e-17 -1.00000000
vn -5.7823457e-31 1.00000000 3.2551712e-16
vn -5.8263253e-15 -1.00000000 -2.6898473e-15
vn 0.25881905 -1.1676023e-17 -0.96592583
vn -0.96592583 1.2676388e-16 -0.25881905
vn -5.8263253e-15 -1.00000000 -2.6898473e-15
vn 0.25881905 -1.1676023e-17 -0.96592583
vn -0.96592583 1.2676388e-16 -0.25881905
vn 4.8976056e-15 1.00000000 -8.5710285e-17
vn 4.8976056e-15 1.00000000 -8.5710285e-17
vn -4.7539322e-15 -1.00000000 -2.0388130e-15
vn 0.25881905 -1.1676023e-17 -0.96592583
vn -4.7539322e-15 -1.00000000 -2.0388130e-15
vn 0.96592583 0.0000000e+0 0.25881905
vn 0.25881905 -1.1676023e-17 -0.96592583
vn 0.96592583 0.0000000e+0 0.25881905
vn 5.9699987e-15 1.00000000 -8.5710285e-17
vn 5.9699987e-15 1.00000000 -8.5710285e-17
vn 0.96592583 0.0000000e+0 0.25881905
vn 6.4343586e-15 1.00000000 2.6041370e-15
vn -4.2895724e-15 -1.00000000 -1.3020685e-15
vn 0.96592583 0.0000000e+0 0.25881905
vn -0.96592583 1.2676388e-16 -0.25881905
vn -6.4343586e-15 -1.00000000 -2.6041370e-15
vn -0.96592583 1.2676388e-16 -0.25881905
vn 4.2895724e-15 1.00000000 2.6041370e-15
vn -5.1493695e-15 -1.00000000 -4.6858052e-15
vn 0.50000000 0.0000000e+0 -0.86602540
vn -0.86602540 0.0000000e+0 -0.50000000
vn -5.1493695e-15 -1.00000000 -4.6858052e-15
vn 0.50000000 0.0000000e+0 -0.86602540
vn -0.86602540 0.0000000e+0 -0.50000000
vn 4.4654439e-15 1.00000000 1.9531027e-15
vn 4.4654439e-15 1.00000000 1.9531027e-15
vn -4.1878882e-15 -1.00000000 -2.7327024e-15
vn 0.50000000 0.0000000e+0 -0.86602540
vn -4.1878882e-15 -1.00000000 -2.7327024e-15
vn 0.86602540 0.0000000e+0 0.50000000
vn 0.50000000 0.0000000e+0 -0.86602540
vn 0.86602540 0.0000000e+0 0.50000000
vn 5.4269253e-15 1.00000000 1.9531027e-15
vn 5.4269253e-15 1.00000000 1.9531027e-15
vn 0.86602540 0.0000000e+0 0.50000000
vn 5.7688881e-15 1.00000000 3.9062055e-15
vn -3.8459254e-15 -1.00000000 -1.3020685e-15
vn 0.86602540 0.0000000e+0 0.50000000
vn -0.86602540 0.0000000e+0 -0.50000000
vn -5.7688881e-15 -1.00000000 -5.2082740e-15
vn -0.86602540 0.0000000e+0 -0.50000000
vn 3.8459254e-15 1.00000000 3.9062055e-15
vn -4.1214927e-15 -1.00000000 -5.9878737e-15
vn 0.70710678 6.0048120e-17 -0.70710678
vn -0.70710678 1.2206892e-16 -0.70710678
vn -4.1214927e-15 -1.00000000 -5.9878737e-15
vn 0.70710678 6.0048120e-17 -0.70710678
vn -0.70710678 1.2206892e-16 -0.70710678
vn 3.7289696e-15 1.00000000 2.6898473e-15
vn 3.7289696e-15 1.00000000 2.6898473e-15
vn -3.3364465e-15 -1.00000000 -3.3837367e-15
vn 0.70710678 6.0048120e-17 -0.70710678
vn -3.3364465e-15 -1.00000000 -3.3837367e-15
vn 0.70710678 0.0000000e+0 0.70710678
vn 0.70710678 6.0048120e-17 -0.70710678
vn 0.70710678 0.0000000e+0 0.70710678
vn 4.5140158e-15 1.00000000 3.9919158e-15
vn 4.5140158e-15 1.00000000 3.9919158e-15
vn 0.70710678 0.0000000e+0 0.70710678
vn 4.7102774e-15 1.00000000 5.2082740e-15
vn -3.1401849e-15 -1.00000000 -2.6041370e-15
vn 0.70710678 0.0000000e+0 0.70710678
vn -0.70710678 1.2206892e-16 -0.70710678
vn -4.7102774e-15 -1.00000000 -7.8124110e-15
vn -0.70710678 1.2206892e-16 -0.70710678
vn 3.1401849e-15 1.00000000 2.6041370e-15
vn -2.8127430e-15 -1.00000000 -5.9878737e-15
vn 0.86602540 0.0000000e+0 -0.50000000
vn -0.50000000 0.0000000e+0 -0.86602540
vn -2.8127430e-15 -1.00000000 -5.9878737e-15
vn 0.86602540 0.0000000e+0 -0.50000000
vn -0.50000000 0.0000000e+0 -0.86602540
vn 2.7383721e-15 1.00000000 3.2980264e-15
vn 2.7383721e-15 1.00000000 3.2980264e-15
vn -2.2576315e-15 -1.00000000 -5.6623565e-15
vn 0.86602540 0.0000000e+0 -0.50000000
vn -2.2576315e-15 -1.00000000 -5.6623565e-15
vn 0.50000000 0.0000000e+0 0.86602540
vn 0.86602540 0.0000000e+0 -0.50000000
vn 0.50000000 0.0000000e+0 0.86602540
vn 3.2934837e-15 1.00000000 5.5766463e-15
vn 3.2934837e-15 1.00000000 5.5766463e-15
vn 0.50000000 0.0000000e+0 0.86602540
vn 3.3306691e-15 1.00000000 9.7655137e-15
vn -2.2204460e-15 -1.00000000 -7.1613767e-15
vn 0.50000000 0.0000000e+0 0.86602540
vn -0.50000000 0.0000000e+0 -0.86602540
vn -3.3306691e-15 -1.00000000 -7.8124110e-15
vn -0.50000000 0.0000000e+0 -0.86602540
vn 2.2204460e-15 1.00000000 5.2082740e-15
vn -1.3123095e-15 -1.00000000 -5.6623565e-15
vn 0.96592583 1.1676023e-17 -0.25881905
vn -0.25881905 8.2944267e-17 -0.96592583
vn -1.3123095e-15 -1.00000000 -5.6623565e-15
vn 0.96592583 1.1676023e-17 -0.25881905
vn -0.25881905 8.2944267e-17 -0.96592583
vn 1.5611592e-15 1.00000000 5.0541774e-15
vn 1.5611592e-15 1.00000000 5.0541774e-15
vn -1.0249626e-15 -1.00000000 -5.1740808e-15
vn 0.96592583 1.1676023e-17 -0.25881905
vn -1.0249626e-15 -1.00000000 -5.1740808e-15
vn 0.25881905 0.0000000e+0 0.96592583
vn 0.96592583 1.1676023e-17 -0.25881905
vn 0.25881905 0.0000000e+0 0.96592583
vn 1.8485060e-15 1.00000000 5.2169360e-15
vn 1.8485060e-15 1.00000000 5.2169360e-15
vn 0.25881905 0.0000000e+0 0.96592583
vn 1.7240812e-15 1.00000000 4.8827569e-15
vn -1.1493875e-15 -1.00000000 -6.1848254e-15
vn 0.25881905 0.0000000e+0 0.96592583
vn -0.25881905 8.2944267e-17 -0.96592583
vn -1.7240812e-15 -1.00000000 -7.1613767e-15
vn -0.25881905 8.2944267e-17 -0.96592583
vn 1.1493875e-15 1.00000000 4.5572397e-15
vn -6.1062266e-15 -1.00000000 -1.3877788e-15
vn 0.0000000e+0 0.0000000e+0 -1.00000000
vn -1.00000000 3.2025664e-17 6.5103425e-17
vn -6.1062266e-15 -1.00000000 -1.3877788e-15
vn 0.0000000e+0 0.0000000e+0 -1.00000000
vn -1.00000000 3.2025664e-17 6.5103425e-17
vn 4.9960036e-15 1.00000000 -1.3877788e-15
vn 4.9960036e-15 1.00000000 -1.3877788e-15
vn -4.9960036e-15 -1.00000000 -1.3877788e-15
vn 0.0000000e+0 0.0000000e+0 -1.00000000
vn -4.9960036e-15 -1.00000000 -1.3877788e-15
vn 1.00000000 -3.2025664e-17 -6.5103425e-17
vn 0.0000000e+0 0.0000000e+0 -1.00000000
vn 1.00000000 -3.2025664e-17 -6.5103425e-17
vn 6.1062266e-15 1.00000000 -1.3877788e-15
vn 6.1062266e-15 1.00000000 -1.3877788e-15
vn 1.00000000 -3.2025664e-17 -6.5103425e-17
vn 6.6613381e-15 1.00000000 0.0000000e+0
vn -4.4408921e-15 -1.00000000 0.0000000e+0
vn 1.00000000 -3.2025664e-17 -6.5103425e-17
vn -1.00000000 3.2025664e-17 6.5103425e-17
vn -6.6613381e-15 -1.00000000 0.0000000e+0
vn -1.00000000 3.2025664e-17 6.5103425e-17
vn 4.4408921e-15 1.00000000 0.0000000e+0
vn -1.8485060e-15 -1.00000000 6.4332942e-15
vn -0.96592583 -1.1676023e-17 -0.25881905
vn -0.25881905 1.2676388e-16 0.96592583
vn -1.8485060e-15 -1.00000000 6.4332942e-15
vn -0.96592583 -1.1676023e-17 -0.25881905
vn -0.25881905 1.2676388e-16 0.96592583
vn 1.0249626e-15 1.00000000 -5.6623565e-15
vn 1.0249626e-15 1.00000000 -5.6623565e-15
vn -1.5611592e-15 -1.00000000 3.9919158e-15
vn -0.96592583 -1.1676023e-17 -0.25881905
vn -1.5611592e-15 -1.00000000 3.9919158e-15
vn 0.25881905 0.0000000e+0 -0.96592583
vn -0.96592583 -1.1676023e-17 -0.25881905
vn 0.25881905 0.0000000e+0 -0.96592583
vn 1.3123095e-15 1.00000000 -7.6154593e-15
vn 1.3123095e-15 1.00000000 -7.6154593e-15
vn 0.25881905 0.0000000e+0 -0.96592583
vn 1.7240812e-15 1.00000000 -1.1067582e-14
vn -1.1493875e-15 -1.00000000 5.2082740e-15
vn 0.25881905 0.0000000e+0 -0.96592583
vn -0.25881905 1.2676388e-16 0.96592583
vn -1.7240812e-15 -1.00000000 1.0091031e-14
vn -0.25881905 1.2676388e-16 0.96592583
vn 1.1493875e-15 1.00000000 -7.1613767e-15
vn -3.2934837e-15 -1.00000000 5.5766463e-15
vn -0.86602540 0.0000000e+0 -0.50000000
vn -0.50000000 0.0000000e+0 0.86602540
vn -3.2934837e-15 -1.00000000 5.5766463e-15
vn -0.86602540 0.0000000e+0 -0.50000000
vn -0.50000000 0.0000000e+0 0.86602540
vn 2.2576315e-15 1.00000000 -5.6623565e-15
vn 2.2576315e-15 1.00000000 -5.6623565e-15
vn -2.7383721e-15 -1.00000000 2.6469921e-15
vn -0.86602540 0.0000000e+0 -0.50000000
vn -2.7383721e-15 -1.00000000 2.6469921e-15
vn 0.50000000 0.0000000e+0 -0.86602540
vn -0.86602540 0.0000000e+0 -0.50000000
vn 0.50000000 0.0000000e+0 -0.86602540
vn 2.8127430e-15 1.00000000 -5.3368394e-15
vn 2.8127430e-15 1.00000000 -5.3368394e-15
vn 0.50000000 0.0000000e+0 -0.86602540
vn 3.3306691e-15 1.00000000 -6.5103425e-15
vn -2.2204460e-15 -1.00000000 3.9062055e-15
vn 0.50000000 0.0000000e+0 -0.86602540
vn -0.50000000 0.0000000e+0 0.86602540
vn -3.3306691e-15 -1.00000000 9.7655137e-15
vn -0.50000000 0.0000000e+0 0.86602540
vn 2.2204460e-15 1.00000000 -7.1613767e-15
vn -4.5140158e-15 -1.00000000 3.2980264e-15
vn -0.70710678 6.0048120e-17 -0.70710678
vn -0.70710678 1.1893895e-16 0.70710678
vn -4.5140158e-15 -1.00000000 3.2980264e-15
vn -0.70710678 6.0048120e-17 -0.70710678
vn -0.70710678 1.1893895e-16 0.70710678
vn 3.3364465e-15 1.00000000 -4.6858052e-15
vn 3.3364465e-15 1.00000000 -4.6858052e-15
vn -3.7289696e-15 -1.00000000 2.6469921e-15
vn -0.70710678 6.0048120e-17 -0.70710678
vn -3.7289696e-15 -1.00000000 2.6469921e-15
vn 0.70710678 0.0000000e+0 -0.70710678
vn -0.70710678 6.0048120e-17 -0.70710678
vn 0.70710678 0.0000000e+0 -0.70710678
vn 4.1214927e-15 1.00000000 -4.6858052e-15
vn 4.1214927e-15 1.00000000 -4.6858052e-15
vn 0.70710678 0.0000000e+0 -0.70710678
vn 4.7102774e-15 1.00000000 -5.2082740e-15
vn -3.1401849e-15 -1.00000000 3.9062055e-15
vn 0.70710678 0.0000000e+0 -0.70710678
vn -0.70710678 1.1893895e-16 0.70710678
vn -4.7102774e-15 -1.00000000 5.2082740e-15
vn -0.70710678 1.1893895e-16 0.70710678
vn 3.1401849e-15 1.00000000 -5.2082740e-15
vn -5.4269253e-15 -1.00000000 2.6469921e-15
vn -0.50000000 0.0000000e+0 -0.86602540
vn -0.86602540 0.0000000e+0 0.50000000
vn -5.4269253e-15 -1.00000000 2.6469921e-15
vn -0.50000000 0.0000000e+0 -0.86602540
vn -0.86602540 0.0000000e+0 0.50000000
vn 4.1878882e-15 1.00000000 -2.0388130e-15
vn 4.1878882e-15 1.00000000 -2.0388130e-15
vn -4.4654439e-15 -1.00000000 1.3449236e-15
vn -0.50000000 0.0000000e+0 -0.86602540
vn -4.4654439e-15 -1.00000000 1.3449236e-15
vn 0.86602540 0.0000000e+0 -0.50000000
vn -0.50000000 0.0000000e+0 -0.86602540
vn 0.86602540 0.0000000e+0 -0.50000000
vn 5.1493695e-15 1.00000000 -3.9919158e-15
vn 5.1493695e-15 1.00000000 -3.9919158e-15
vn 0.86602540 0.0000000e+0 -0.50000000
vn 5.7688881e-15 1.00000000 -5.2082740e-15
vn -3.8459254e-15 -1.00000000 1.3020685e-15
vn 0.86602540 0.0000000e+0 -0.50000000
vn -0.86602540 0.0000000e+0 0.50000000
vn -5.7688881e-15 -1.00000000 3.9062055e-15
vn -0.86602540 0.0000000e+0 0.50000000
vn 3.8459254e-15 1.00000000 -1.3020685e-15
vn -5.9699987e-15 -1.00000000 -8.5710285e-17
vn -0.25881905 1.1676023e-17 -0.96592583
vn -0.96592583 8.2944267e-17 0.25881905
vn -5.9699987e-15 -1.00000000 -8.5710285e-17
vn -0.25881905 1.1676023e-17 -0.96592583
vn -0.96592583 8.2944267e-17 0.25881905
vn 4.7539322e-15 1.00000000 -1.3877788e-15
vn 4.7539322e-15 1.00000000 -1.3877788e-15
vn -4.8976056e-15 -1.00000000 -1.3877788e-15
vn -0.25881905 1.1676023e-17 -0.96592583
vn -4.8976056e-15 -1.00000000 -1.3877788e-15
vn 0.96592583 0.0000000e+0 -0.25881905
vn -0.25881905 1.1676023e-17 -0.96592583
vn 0.96592583 0.0000000e+0 -0.25881905
vn 5.8263253e-15 1.00000000 -2.6898473e-15
vn 5.8263253e-15 1.00000000 -2.6898473e-15
vn 0.96592583 0.0000000e+0 -0.25881905
vn 6.4343586e-15 1.00000000 -2.6041370e-15
vn -4.2895724e-15 -1.00000000 0.0000000e+0
vn 0.96592583 0.0000000e+0 -0.25881905
vn -0.96592583 8.2944267e-17 0.25881905
vn -6.4343586e-15 -1.00000000 2.6041370e-15
vn -0.96592583 8.2944267e-17 0.25881905
vn 4.2895724e-15 1.00000000 0.0000000e+0
vn 6.1062266e-15 -1.00000000 0.0000000e+0
vn 0.0000000e+0 0.0000000e+0 1.00000000
vn 1.00000000 3.2025664e-17 6.5103425e-17
vn 6.1062266e-15 -1.00000000 0.0000000e+0
vn 0.0000000e+0 0.0000000e+0 1.00000000
vn 1.00000000 3.2025664e-17 6.5103425e-17
vn -4.9960036e-15 1.00000000 0.0000000e+0
vn -4.9960036e-15 1.00000000 0.0000000e+0
vn 4.9960036e-15 -1.00000000 1.3020685e-15
vn 0.0000000e+0 0.0000000e+0 1.00000000
vn 4.9960036e-15 -1.00000000 1.3020685e-15
vn -1.00000000 -3.2025664e-17 -6.5103425e-17
vn 0.0000000e+0 0.0000000e+0 1.00000000
vn -1.00000000 -3.2025664e-17 -6.5103425e-17
vn -6.1062266e-15 1.00000000 1.3020685e-15
vn -6.1062266e-15 1.00000000 1.3020685e-15
vn -1.00000000 -3.2025664e-17 -6.5103425e-17
