# Exported from Wings 3D 1.5.4
mtllib libra_fuel_tank_s1_s0p5_2.mtl
o libra_fuel_tank_s1_s0p5_2
#434 vertices, 384 faces
v -1.2500000e-2 -0.34542663 -0.64437565
v -1.2500000e-2 0.35562435 -0.49832337
v 1.2500000e-2 -0.34542663 -0.64437565
v 1.2500000e-2 0.35562435 -0.49832337
v 1.2500000e-2 0.35019691 -0.47227166
v 1.2500000e-2 -0.35085407 -0.61832394
v -2.9490299e-17 -0.35052549 -0.61990114
v -1.9081958e-17 0.35052549 -0.47384886
v -1.2500000e-2 -0.35085407 -0.61832394
v -1.2500000e-2 0.35019691 -0.47227166
v -1.2500000e-2 -0.34542663 0.64437565
v -1.2500000e-2 0.35562435 0.49832337
v 1.2500000e-2 -0.34542663 0.64437565
v 1.2500000e-2 0.35562435 0.49832337
v 1.2500000e-2 0.35019691 0.47227166
v 1.2500000e-2 -0.35085407 0.61832394
v -2.9490299e-17 -0.35052549 0.61990114
v -1.9081958e-17 0.35052549 0.47384886
v -1.2500000e-2 -0.35085407 0.61832394
v -1.2500000e-2 0.35019691 0.47227166
v 0.46875000 0.37500000 -1.7817056e-17
v 0.45277773 0.37500000 0.12132143
v 0.40594941 0.37500000 0.23437500
v 0.33145630 0.37500000 0.33145630
v 0.23437500 0.37500000 0.40594941
v 0.12132143 0.37500000 0.45277773
v -4.5023088e-17 0.37500000 0.46875000
v -0.12132143 0.37500000 0.45277773
v -0.23437500 0.37500000 0.40594941
v -0.33145630 0.37500000 0.33145630
v -0.40594941 0.37500000 0.23437500
v -0.45277773 0.37500000 0.12132143
v -0.46875000 0.37500000 3.9588263e-17
v -0.45277773 0.37500000 -0.12132143
v -0.40594941 0.37500000 -0.23437500
v -0.33145630 0.37500000 -0.33145630
v -0.23437500 0.37500000 -0.40594941
v -0.12132143 0.37500000 -0.45277773
v -1.5983373e-16 0.37500000 -0.46875000
v 0.12132143 0.37500000 -0.45277773
v 0.23437500 0.37500000 -0.40594941
v 0.33145630 0.37500000 -0.33145630
v 0.40594941 0.37500000 -0.23437500
v 0.45277773 0.37500000 -0.12132143
v 0.62500000 -0.37500000 -2.7556303e-17
v 0.60370364 -0.37500000 0.16176190
v 0.54126588 -0.37500000 0.31250000
v 0.44194174 -0.37500000 0.44194174
v 0.31250000 -0.37500000 0.54126588
v 0.16176190 -0.37500000 0.60370364
v -2.7649280e-17 -0.37500000 0.62500000
v -0.16176190 -0.37500000 0.60370364
v -0.31250000 -0.37500000 0.54126588
v -0.44194174 -0.37500000 0.44194174
v -0.54126588 -0.37500000 0.31250000
v -0.60370364 -0.37500000 0.16176190
v -0.62500000 -0.37500000 4.8984122e-17
v -0.60370364 -0.37500000 -0.16176190
v -0.54126588 -0.37500000 -0.31250000
v -0.44194174 -0.37500000 -0.44194174
v -0.31250000 -0.37500000 -0.54126588
v -0.16176190 -0.37500000 -0.60370364
v -1.8073013e-16 -0.37500000 -0.62500000
v 0.16176190 -0.37500000 -0.60370364
v 0.31250000 -0.37500000 -0.54126588
v 0.44194174 -0.37500000 -0.44194174
v 0.54126588 -0.37500000 -0.31250000
v 0.60370364 -0.37500000 -0.16176190
v 0.55179569 -0.34542663 -0.33301314
v 0.42531069 0.35562435 -0.25998700
v 0.56429569 -0.34542663 -0.31136251
v 0.43781069 0.35562435 -0.23833637
v 0.41524925 0.35019691 -0.22531051
v 0.54173424 -0.35085407 -0.29833665
v 0.53685014 -0.35052549 -0.30995057
v 0.41036515 0.35052549 -0.23692443
v 0.52923424 -0.35085407 -0.31998729
v 0.40274925 0.35019691 -0.24696115
v -0.56429569 -0.34542663 0.31136251
v -0.43781069 0.35562435 0.23833637
v -0.55179569 -0.34542663 0.33301314
v -0.42531069 0.35562435 0.25998700
v -0.40274925 0.35019691 0.24696115
v -0.52923424 -0.35085407 0.31998729
v -0.53685014 -0.35052549 0.30995057
v -0.41036515 0.35052549 0.23692443
v -0.54173424 -0.35085407 0.29833665
v -0.41524925 0.35019691 0.22531051
v 0.31136251 -0.34542663 -0.56429569
v 0.23833637 0.35562435 -0.43781069
v 0.33301314 -0.34542663 -0.55179569
v 0.25998700 0.35562435 -0.42531069
v 0.24696115 0.35019691 -0.40274925
v 0.31998729 -0.35085407 -0.52923424
v 0.30995057 -0.35052549 -0.53685014
v 0.23692443 0.35052549 -0.41036515
v 0.29833665 -0.35085407 -0.54173424
v 0.22531051 0.35019691 -0.41524925
v -0.33301314 -0.34542663 0.55179569
v -0.25998700 0.35562435 0.42531069
v -0.31136251 -0.34542663 0.56429569
v -0.23833637 0.35562435 0.43781069
v -0.22531051 0.35019691 0.41524925
v -0.29833665 -0.35085407 0.54173424
v -0.30995057 -0.35052549 0.53685014
v -0.23692443 0.35052549 0.41036515
v -0.31998729 -0.35085407 0.52923424
v -0.24696115 0.35019691 0.40274925
v 0.44680356 -0.34542663 -0.46448123
v 0.34352900 0.35562435 -0.36120667
v 0.46448123 -0.34542663 -0.44680356
v 0.36120667 0.35562435 -0.34352900
v 0.34278532 0.35019691 -0.32510766
v 0.44605989 -0.35085407 -0.42838222
v 0.43833630 -0.35052549 -0.43833630
v 0.33506174 0.35052549 -0.33506174
v 0.42838222 -0.35085407 -0.44605989
v 0.32510766 0.35019691 -0.34278532
v -0.46448123 -0.34542663 0.44680356
v -0.36120667 0.35562435 0.34352900
v -0.44680356 -0.34542663 0.46448123
v -0.34352900 0.35562435 0.36120667
v -0.32510766 0.35019691 0.34278532
v -0.42838222 -0.35085407 0.44605989
v -0.43833630 -0.35052549 0.43833630
v -0.33506174 0.35052549 0.33506174
v -0.44605989 -0.35085407 0.42838222
v -0.34278532 0.35019691 0.32510766
v 0.62565432 -0.34542663 0.15470262
v 0.48457865 0.35562435 0.11690151
v 0.61918385 -0.34542663 0.17885076
v 0.47810817 0.35562435 0.14104965
v 0.45294415 0.35019691 0.13430697
v 0.59401983 -0.35085407 0.17210809
v 0.59877852 -0.35052549 0.16044222
v 0.45770285 0.35052549 0.12264111
v 0.60049030 -0.35085407 0.14795994
v 0.45941463 0.35019691 0.11015883
v -0.61918385 -0.34542663 -0.17885076
v -0.47810817 0.35562435 -0.14104965
v -0.62565432 -0.34542663 -0.15470262
v -0.48457865 0.35562435 -0.11690151
v -0.45941463 0.35019691 -0.11015883
v -0.60049030 -0.35085407 -0.14795994
v -0.59877852 -0.35052549 -0.16044222
v -0.45770285 0.35052549 -0.12264111
v -0.59401983 -0.35085407 -0.17210809
v -0.45294415 0.35019691 -0.13430697
v 0.61918385 -0.34542663 -0.17885076
v 0.47810817 0.35562435 -0.14104965
v 0.62565432 -0.34542663 -0.15470262
v 0.48457865 0.35562435 -0.11690151
v 0.45941463 0.35019691 -0.11015883
v 0.60049030 -0.35085407 -0.14795994
v 0.59877852 -0.35052549 -0.16044222
v 0.45770285 0.35052549 -0.12264111
v 0.59401983 -0.35085407 -0.17210809
v 0.45294415 0.35019691 -0.13430697
v -0.62565432 -0.34542663 0.15470262
v -0.48457865 0.35562435 0.11690151
v -0.61918385 -0.34542663 0.17885076
v -0.47810817 0.35562435 0.14104965
v -0.45294415 0.35019691 0.13430697
v -0.59401983 -0.35085407 0.17210809
v -0.59877852 -0.35052549 0.16044222
v -0.45770285 0.35052549 0.12264111
v -0.60049030 -0.35085407 0.14795994
v -0.45941463 0.35019691 0.11015883
v 0.64437565 -0.34542663 -1.2500000e-2
v 0.49832337 0.35562435 -1.2500000e-2
v 0.64437565 -0.34542663 1.2500000e-2
v 0.49832337 0.35562435 1.2500000e-2
v 0.47227166 0.35019691 1.2500000e-2
v 0.61832394 -0.35085407 1.2500000e-2
v 0.61990114 -0.35052549 1.0116683e-16
v 0.47384886 0.35052549 1.2051829e-16
v 0.61832394 -0.35085407 -1.2500000e-2
v 0.47227166 0.35019691 -1.2500000e-2
v -0.64437565 -0.34542663 -1.2500000e-2
v -0.49832337 0.35562435 -1.2500000e-2
v -0.64437565 -0.34542663 1.2500000e-2
v -0.49832337 0.35562435 1.2500000e-2
v -0.47227166 0.35019691 1.2500000e-2
v -0.61832394 -0.35085407 1.2500000e-2
v -0.61990114 -0.35052549 1.7708282e-16
v -0.47384886 0.35052549 1.7854804e-16
v -0.61832394 -0.35085407 -1.2500000e-2
v -0.47227166 0.35019691 -1.2500000e-2
v -0.33301314 -0.34542663 -0.55179569
v -0.25998700 0.35562435 -0.42531069
v -0.31136251 -0.34542663 -0.56429569
v -0.23833637 0.35562435 -0.43781069
v -0.22531051 0.35019691 -0.41524925
v -0.29833665 -0.35085407 -0.54173424
v -0.30995057 -0.35052549 -0.53685014
v -0.23692443 0.35052549 -0.41036515
v -0.31998729 -0.35085407 -0.52923424
v -0.24696115 0.35019691 -0.40274925
v 0.31136251 -0.34542663 0.56429569
v 0.23833637 0.35562435 0.43781069
v 0.33301314 -0.34542663 0.55179569
v 0.25998700 0.35562435 0.42531069
v 0.24696115 0.35019691 0.40274925
v 0.31998729 -0.35085407 0.52923424
v 0.30995057 -0.35052549 0.53685014
v 0.23692443 0.35052549 0.41036515
v 0.29833665 -0.35085407 0.54173424
v 0.22531051 0.35019691 0.41524925
v -0.56429569 -0.34542663 -0.31136251
v -0.43781069 0.35562435 -0.23833637
v -0.55179569 -0.34542663 -0.33301314
v -0.42531069 0.35562435 -0.25998700
v -0.40274925 0.35019691 -0.24696115
v -0.52923424 -0.35085407 -0.31998729
v -0.53685014 -0.35052549 -0.30995057
v -0.41036515 0.35052549 -0.23692443
v -0.54173424 -0.35085407 -0.29833665
v -0.41524925 0.35019691 -0.22531051
v 0.55179569 -0.34542663 0.33301314
v 0.42531069 0.35562435 0.25998700
v 0.56429569 -0.34542663 0.31136251
v 0.43781069 0.35562435 0.23833637
v 0.41524925 0.35019691 0.22531051
v 0.54173424 -0.35085407 0.29833665
v 0.53685014 -0.35052549 0.30995057
v 0.41036515 0.35052549 0.23692443
v 0.52923424 -0.35085407 0.31998729
v 0.40274925 0.35019691 0.24696115
v -0.46448123 -0.34542663 -0.44680356
v -0.36120667 0.35562435 -0.34352900
v -0.44680356 -0.34542663 -0.46448123
v -0.34352900 0.35562435 -0.36120667
v -0.32510766 0.35019691 -0.34278532
v -0.42838222 -0.35085407 -0.44605989
v -0.43833630 -0.35052549 -0.43833630
v -0.33506174 0.35052549 -0.33506174
v -0.44605989 -0.35085407 -0.42838222
v -0.34278532 0.35019691 -0.32510766
v 0.44680356 -0.34542663 0.46448123
v 0.34352900 0.35562435 0.36120667
v 0.46448123 -0.34542663 0.44680356
v 0.36120667 0.35562435 0.34352900
v 0.34278532 0.35019691 0.32510766
v 0.44605989 -0.35085407 0.42838222
v 0.43833630 -0.35052549 0.43833630
v 0.33506174 0.35052549 0.33506174
v 0.42838222 -0.35085407 0.44605989
v 0.32510766 0.35019691 0.34278532
v 0.15470262 -0.34542663 -0.62565432
v 0.11690151 0.35562435 -0.48457865
v 0.17885076 -0.34542663 -0.61918385
v 0.14104965 0.35562435 -0.47810817
v 0.13430697 0.35019691 -0.45294415
v 0.17210809 -0.35085407 -0.59401983
v 0.16044222 -0.35052549 -0.59877852
v 0.12264111 0.35052549 -0.45770285
v 0.14795994 -0.35085407 -0.60049030
v 0.11015883 0.35019691 -0.45941463
v -0.17885076 -0.34542663 0.61918385
v -0.14104965 0.35562435 0.47810817
v -0.15470262 -0.34542663 0.62565432
v -0.11690151 0.35562435 0.48457865
v -0.11015883 0.35019691 0.45941463
v -0.14795994 -0.35085407 0.60049030
v -0.16044222 -0.35052549 0.59877852
v -0.12264111 0.35052549 0.45770285
v -0.17210809 -0.35085407 0.59401983
v -0.13430697 0.35019691 0.45294415
v -0.17885076 -0.34542663 -0.61918385
v -0.14104965 0.35562435 -0.47810817
v -0.15470262 -0.34542663 -0.62565432
v -0.11690151 0.35562435 -0.48457865
v -0.11015883 0.35019691 -0.45941463
v -0.14795994 -0.35085407 -0.60049030
v -0.16044222 -0.35052549 -0.59877852
v -0.12264111 0.35052549 -0.45770285
v -0.17210809 -0.35085407 -0.59401983
v -0.13430697 0.35019691 -0.45294415
v 0.15470262 -0.34542663 0.62565432
v 0.11690151 0.35562435 0.48457865
v 0.17885076 -0.34542663 0.61918385
v 0.14104965 0.35562435 0.47810817
v 0.13430697 0.35019691 0.45294415
v 0.17210809 -0.35085407 0.59401983
v 0.16044222 -0.35052549 0.59877852
v 0.12264111 0.35052549 0.45770285
v 0.14795994 -0.35085407 0.60049030
v 0.11015883 0.35019691 0.45941463
v 0.62500000 -0.37500000 -2.7556303e-17
v 0.60370364 -0.37500000 0.16176190
v 0.54126588 -0.37500000 0.31250000
v 0.44194174 -0.37500000 0.44194174
v 0.31250000 -0.37500000 0.54126588
v 0.16176190 -0.37500000 0.60370364
v -2.7649280e-17 -0.37500000 0.62500000
v -0.16176190 -0.37500000 0.60370364
v -0.31250000 -0.37500000 0.54126588
v -0.44194174 -0.37500000 0.44194174
v -0.54126588 -0.37500000 0.31250000
v -0.60370364 -0.37500000 0.16176190
v -0.62500000 -0.37500000 4.8984122e-17
v -0.60370364 -0.37500000 -0.16176190
v -0.54126588 -0.37500000 -0.31250000
v -0.44194174 -0.37500000 -0.44194174
v -0.31250000 -0.37500000 -0.54126588
v -0.16176190 -0.37500000 -0.60370364
v -1.8073013e-16 -0.37500000 -0.62500000
v 0.16176190 -0.37500000 -0.60370364
v 0.31250000 -0.37500000 -0.54126588
v 0.44194174 -0.37500000 -0.44194174
v 0.54126588 -0.37500000 -0.31250000
v 0.60370364 -0.37500000 -0.16176190
v 0.50000000 -0.37500000 -2.5281533e-17
v 0.48296291 -0.37500000 0.12940952
v 0.43301270 -0.37500000 0.25000000
v 0.35355339 -0.37500000 0.35355339
v 0.25000000 -0.37500000 0.43301270
v 0.12940952 -0.37500000 0.48296291
v -4.3398698e-17 -0.37500000 0.50000000
v -0.12940952 -0.37500000 0.48296291
v -0.25000000 -0.37500000 0.43301270
v -0.35355339 -0.37500000 0.35355339
v -0.43301270 -0.37500000 0.25000000
v -0.48296291 -0.37500000 0.12940952
v -0.50000000 -0.37500000 3.5950807e-17
v -0.48296291 -0.37500000 -0.12940952
v -0.43301270 -0.37500000 -0.25000000
v -0.35355339 -0.37500000 -0.35355339
v -0.25000000 -0.37500000 -0.43301270
v -0.12940952 -0.37500000 -0.48296291
v -1.6586338e-16 -0.37500000 -0.50000000
v 0.12940952 -0.37500000 -0.48296291
v 0.25000000 -0.37500000 -0.43301270
v 0.35355339 -0.37500000 -0.35355339
v 0.43301270 -0.37500000 -0.25000000
v 0.48296291 -0.37500000 -0.12940952
v 0.50000000 -0.31250000 -2.6957147e-17
v 0.48296291 -0.31250000 0.12940952
v 0.43301270 -0.31250000 0.25000000
v 0.35355339 -0.31250000 0.35355339
v 0.25000000 -0.31250000 0.43301270
v 0.12940952 -0.31250000 0.48296291
v -4.3398698e-17 -0.31250000 0.50000000
v -0.12940952 -0.31250000 0.48296291
v -0.25000000 -0.31250000 0.43301270
v -0.35355339 -0.31250000 0.35355339
v -0.43301270 -0.31250000 0.25000000
v -0.48296291 -0.31250000 0.12940952
v -0.50000000 -0.31250000 3.4275193e-17
v -0.48296291 -0.31250000 -0.12940952
v -0.43301270 -0.31250000 -0.25000000
v -0.35355339 -0.31250000 -0.35355339
v -0.25000000 -0.31250000 -0.43301270
v -0.12940952 -0.31250000 -0.48296291
v -1.6586338e-16 -0.31250000 -0.50000000
v 0.12940952 -0.31250000 -0.48296291
v 0.25000000 -0.31250000 -0.43301270
v 0.35355339 -0.31250000 -0.35355339
v 0.43301270 -0.31250000 -0.25000000
v 0.48296291 -0.31250000 -0.12940952
v -7.8640798e-17 -0.31250000 -2.7177334e-17
v 0.46875000 0.37500000 -1.7817056e-17
v 0.45277773 0.37500000 0.12132143
v 0.40594941 0.37500000 0.23437500
v 0.33145630 0.37500000 0.33145630
v 0.23437500 0.37500000 0.40594941
v 0.12132143 0.37500000 0.45277773
v -4.5023088e-17 0.37500000 0.46875000
v -0.12132143 0.37500000 0.45277773
v -0.23437500 0.37500000 0.40594941
v -0.33145630 0.37500000 0.33145630
v -0.40594941 0.37500000 0.23437500
v -0.45277773 0.37500000 0.12132143
v -0.46875000 0.37500000 3.9588263e-17
v -0.45277773 0.37500000 -0.12132143
v -0.40594941 0.37500000 -0.23437500
v -0.33145630 0.37500000 -0.33145630
v -0.23437500 0.37500000 -0.40594941
v -0.12132143 0.37500000 -0.45277773
v -1.5983373e-16 0.37500000 -0.46875000
v 0.12132143 0.37500000 -0.45277773
v 0.23437500 0.37500000 -0.40594941
v 0.33145630 0.37500000 -0.33145630
v 0.40594941 0.37500000 -0.23437500
v 0.45277773 0.37500000 -0.12132143
v 0.33203700 0.37500000 8.8969047e-2
v 0.34375000 0.37500000 -1.6303991e-17
v 0.33203700 0.37500000 -8.8969047e-2
v 0.29769623 0.37500000 -0.17187500
v 0.24306796 0.37500000 -0.24306796
v 0.17187500 0.37500000 -0.29769623
v 8.8969047e-2 0.37500000 -0.33203700
v -1.4558377e-16 0.37500000 -0.34375000
v -8.8969047e-2 0.37500000 -0.33203700
v -0.17187500 0.37500000 -0.29769623
v -0.24306796 0.37500000 -0.24306796
v -0.29769623 0.37500000 -0.17187500
v -0.33203700 0.37500000 -8.8969047e-2
v -0.34375000 0.37500000 2.5793242e-17
v -0.33203700 0.37500000 8.8969047e-2
v -0.29769623 0.37500000 0.17187500
v -0.24306796 0.37500000 0.24306796
v -0.17187500 0.37500000 0.29769623
v -8.8969047e-2 0.37500000 0.33203700
v -6.1389298e-17 0.37500000 0.34375000
v 8.8969047e-2 0.37500000 0.33203700
v 0.17187500 0.37500000 0.29769623
v 0.24306796 0.37500000 0.24306796
v 0.29769623 0.37500000 0.17187500
v 0.33203700 0.31250000 8.8969047e-2
v 0.34375000 0.31250000 -1.7190267e-17
v 0.33203700 0.31250000 -8.8969047e-2
v 0.29769623 0.31250000 -0.17187500
v 0.24306796 0.31250000 -0.24306796
v 0.17187500 0.31250000 -0.29769623
v 8.8969047e-2 0.31250000 -0.33203700
v -1.4558377e-16 0.31250000 -0.34375000
v -8.8969047e-2 0.31250000 -0.33203700
v -0.17187500 0.31250000 -0.29769623
v -0.24306796 0.31250000 -0.24306796
v -0.29769623 0.31250000 -0.17187500
v -0.33203700 0.31250000 -8.8969047e-2
v -0.34375000 0.31250000 2.4906967e-17
v -0.33203700 0.31250000 8.8969047e-2
v -0.29769623 0.31250000 0.17187500
v -0.24306796 0.31250000 0.24306796
v -0.17187500 0.31250000 0.29769623
v -8.8969047e-2 0.31250000 0.33203700
v -6.1389298e-17 0.31250000 0.34375000
v 8.8969047e-2 0.31250000 0.33203700
v 0.17187500 0.31250000 0.29769623
v 0.24306796 0.31250000 0.24306796
v 0.29769623 0.31250000 0.17187500
v -9.9457479e-17 0.31250000 1.5542453e-17
vt 1.8828805e-2 8.6427201e-2
vt 1.8828805e-2 8.6427201e-2
vt 1.8828805e-2 8.6427201e-2
vt 1.8828805e-2 8.6427201e-2
vt 1.8828805e-2 8.6427201e-2
vt 1.8828805e-2 8.6427201e-2
vt 1.8828805e-2 8.6427201e-2
vt 1.8828805e-2 8.6427201e-2
vt 1.8956848e-2 0.32274701
vt 1.8956848e-2 0.32274701
vt 1.8956848e-2 0.32274701
vt 1.8956848e-2 0.32274701
vt 1.8956848e-2 0.32274701
vt 1.8956848e-2 0.32274701
vt 1.8959745e-2 0.17418519
vt 1.8959745e-2 0.17418519
vt 1.8959745e-2 0.17418519
vt 1.8959745e-2 0.17418519
vt 1.8959745e-2 0.17418519
vt 1.8959745e-2 0.17418519
vt 1.8959745e-2 0.17418519
vt 1.8959745e-2 0.17418519
vt 2.2143548e-2 0.19836858
vt 2.2143548e-2 0.19836858
vt 2.2143548e-2 0.19836858
vt 2.2143548e-2 0.19836858
vt 2.2143548e-2 0.19836858
vt 2.2143548e-2 0.19836858
vt 2.2143548e-2 0.19836858
vt 2.2143548e-2 0.19836858
vt 2.2153363e-2 0.11167973
vt 2.2153363e-2 0.11167973
vt 2.2153363e-2 0.11167973
vt 2.2153363e-2 0.11167973
vt 2.2153363e-2 0.11167973
vt 2.2153363e-2 0.11167973
vt 2.2153363e-2 0.11167973
vt 2.2153363e-2 0.11167973
vt 2.6977960e-2 0.48096784
vt 2.6977960e-2 0.48096784
vt 2.6977960e-2 0.48096784
vt 2.6977960e-2 0.48096784
vt 2.6977960e-2 0.48096784
vt 2.8968827e-2 0.21685340
vt 2.8968827e-2 0.21685340
vt 2.8968827e-2 0.21685340
vt 2.8968827e-2 0.22904943
vt 2.8968827e-2 0.22904943
vt 2.8968827e-2 0.22904943
vt 2.8968827e-2 0.22904943
vt 2.8968827e-2 0.21685340
vt 2.8968827e-2 0.22904943
vt 3.0763401e-2 0.24834997
vt 3.0763401e-2 0.24834997
vt 3.0763401e-2 0.24834997
vt 3.0763401e-2 0.24834997
vt 3.0763401e-2 0.24834997
vt 3.0763401e-2 0.24834997
vt 3.0763401e-2 0.24834997
vt 3.0763401e-2 0.24834997
vt 3.1900473e-2 0.13521133
vt 3.1900473e-2 0.13521133
vt 3.1900473e-2 0.13521133
vt 3.1900473e-2 0.13521133
vt 3.1900473e-2 0.13521133
vt 3.1900473e-2 0.13521133
vt 3.1900473e-2 0.13521133
vt 3.1900473e-2 0.13521133
vt 3.3947204e-2 0.27253336
vt 3.3947204e-2 0.27253336
vt 3.3947204e-2 0.27253336
vt 3.3947204e-2 0.27253336
vt 3.3947204e-2 0.27253336
vt 3.3947204e-2 0.27253336
vt 3.3947204e-2 0.27253336
vt 3.3947204e-2 0.27253336
vt 4.0908090e-2 0.29100819
vt 4.0908090e-2 0.30320422
vt 4.0908090e-2 0.29100819
vt 4.0908090e-2 0.29100819
vt 4.0908090e-2 0.29100819
vt 4.0908090e-2 0.30320422
vt 4.0908090e-2 0.29100819
vt 4.0908090e-2 0.29100819
vt 4.0908090e-2 0.30320422
vt 4.0908090e-2 0.30320422
vt 4.0908090e-2 0.29100819
vt 4.0908090e-2 0.30320422
vt 4.7405887e-2 0.15541838
vt 4.7405887e-2 0.15541838
vt 4.7405887e-2 0.15541838
vt 4.7405887e-2 0.15541838
vt 4.7405887e-2 0.15541838
vt 4.7405887e-2 0.15541838
vt 4.7405887e-2 0.15541838
vt 4.7405887e-2 0.15541838
vt 4.7613975e-2 0.19836858
vt 4.7613975e-2 0.19836858
vt 4.7613975e-2 0.19836858
vt 4.7613975e-2 0.19836858
vt 4.7613975e-2 0.19836858
vt 4.7613975e-2 0.19836858
vt 4.7613975e-2 0.19836858
vt 4.7613975e-2 0.19836858
vt 4.9692111e-2 1.9767340e-2
vt 4.9692111e-2 1.9767340e-2
vt 4.9692111e-2 1.9767340e-2
vt 4.9692111e-2 1.9767340e-2
vt 4.9692111e-2 1.9767340e-2
vt 4.9692111e-2 1.9767340e-2
vt 4.9692111e-2 1.9767340e-2
vt 4.9692111e-2 1.9767340e-2
vt 5.0797779e-2 0.17418519
vt 5.0797779e-2 0.17418519
vt 5.0797779e-2 0.17418519
vt 5.0797779e-2 0.17418519
vt 5.0797779e-2 0.17418519
vt 5.0797779e-2 0.17418519
vt 5.0797779e-2 0.17418519
vt 5.0797779e-2 0.17418519
vt 5.1041297e-2 0.32274701
vt 5.1041297e-2 0.48096784
vt 5.1041297e-2 0.32274701
vt 5.1041297e-2 0.48096784
vt 5.1041297e-2 0.32274701
vt 5.1041297e-2 0.48096784
vt 5.1041297e-2 0.32274701
vt 5.1041297e-2 0.48096784
vt 5.1041297e-2 0.32274701
vt 5.1041297e-2 0.48096784
vt 5.1255351e-2 0.17418519
vt 5.1255351e-2 0.17418519
vt 5.1255351e-2 0.17418519
vt 5.1255351e-2 0.17418519
vt 5.1255351e-2 0.17418519
vt 5.1255351e-2 0.17418519
vt 5.1255351e-2 0.17418519
vt 5.1255351e-2 0.17418519
vt 5.1458123e-2 0.27253336
vt 5.1458123e-2 0.27253336
vt 5.1458123e-2 0.27253336
vt 5.1458123e-2 0.27253336
vt 5.1458123e-2 0.27253336
vt 5.1458123e-2 0.27253336
vt 5.1977745e-2 3.7128450e-2
vt 5.1977745e-2 3.7128450e-2
vt 5.1977745e-2 3.7128450e-2
vt 5.1977745e-2 3.7128450e-2
vt 5.1977745e-2 3.7128450e-2
vt 5.1977745e-2 3.7128450e-2
vt 5.1977745e-2 3.7128450e-2
vt 5.1977745e-2 3.7128450e-2
vt 5.4439155e-2 0.19836858
vt 5.4439155e-2 0.19836858
vt 5.4439155e-2 0.19836858
vt 5.4439155e-2 0.19836858
vt 5.4439155e-2 0.19836858
vt 5.4439155e-2 0.19836858
vt 5.4439155e-2 0.19836858
vt 5.4439155e-2 0.19836858
vt 5.4439254e-2 0.21685340
vt 5.4439254e-2 0.22904943
vt 5.4439254e-2 0.21685340
vt 5.4439254e-2 0.21685340
vt 5.4439254e-2 0.21685340
vt 5.4439254e-2 0.22904943
vt 5.4439254e-2 0.22904943
vt 5.4439254e-2 0.22904943
vt 5.4439254e-2 0.22904943
vt 5.4641926e-2 0.24834997
vt 5.4641926e-2 0.24834997
vt 5.4641926e-2 0.24834997
vt 5.4641926e-2 0.24834997
vt 5.4641926e-2 0.24834997
vt 5.4641926e-2 0.24834997
vt 5.4641926e-2 0.24834997
vt 5.4641926e-2 0.24834997
vt 5.5235106e-2 0.24834997
vt 5.5235106e-2 0.24834997
vt 5.5235106e-2 0.24834997
vt 5.5235106e-2 0.24834997
vt 5.5235106e-2 0.24834997
vt 5.5235106e-2 0.24834997
vt 5.5235106e-2 0.24834997
vt 5.5235205e-2 0.24834997
vt 5.8418909e-2 0.27253336
vt 5.8418909e-2 0.27253336
vt 5.8418909e-2 0.27253336
vt 5.8418909e-2 0.27253336
vt 5.8418909e-2 0.27253336
vt 5.8418909e-2 0.27253336
vt 5.8418909e-2 0.27253336
vt 5.8419008e-2 0.29100819
vt 5.8419008e-2 0.29100819
vt 5.8419008e-2 0.29100819
vt 5.8419008e-2 0.30320422
vt 5.8419008e-2 0.30320422
vt 5.8419008e-2 0.29100819
vt 5.8419008e-2 0.29100819
vt 5.8419008e-2 0.30320422
vt 5.8419008e-2 0.30320422
vt 5.8419008e-2 0.30320422
vt 5.8419008e-2 0.29100819
vt 5.8419008e-2 0.30320422
vt 5.8419008e-2 0.27253336
vt 5.8678883e-2 5.3306430e-2
vt 5.8678883e-2 5.3306430e-2
vt 5.8678883e-2 5.3306430e-2
vt 5.8678883e-2 5.3306430e-2
vt 5.8678883e-2 5.3306430e-2
vt 5.8678883e-2 5.3306430e-2
vt 5.8678883e-2 5.3306430e-2
vt 5.8678883e-2 5.3306430e-2
vt 6.9338855e-2 6.7198775e-2
vt 6.9338855e-2 6.7198775e-2
vt 6.9338855e-2 6.7198775e-2
vt 6.9338855e-2 6.7198775e-2
vt 6.9338855e-2 6.7198775e-2
vt 6.9338855e-2 6.7198775e-2
vt 6.9338855e-2 6.7198775e-2
vt 7.5104634e-2 0.48096784
vt 7.5104634e-2 0.48096784
vt 7.5104634e-2 0.48096784
vt 7.5104634e-2 0.48096784
vt 7.5929827e-2 0.27253336
vt 7.5929827e-2 0.27253336
vt 7.5929827e-2 0.27253336
vt 7.5929827e-2 0.27253336
vt 7.5929827e-2 0.27253336
vt 7.5929827e-2 0.27253336
vt 7.5929927e-2 0.29100819
vt 7.5929927e-2 0.30320422
vt 7.5929927e-2 0.29100819
vt 7.5929927e-2 0.29100819
vt 7.5929927e-2 0.29100819
vt 7.5929927e-2 0.30320422
vt 7.5929927e-2 0.30320422
vt 7.5929927e-2 0.29100819
vt 7.5929927e-2 0.29100819
vt 7.5929927e-2 0.30320422
vt 7.5929927e-2 0.30320422
vt 7.5929927e-2 0.30320422
vt 7.5929927e-2 0.27253336
vt 7.9113631e-2 0.24834997
vt 7.9113631e-2 0.24834997
vt 7.9113631e-2 0.24834997
vt 7.9113631e-2 0.24834997
vt 7.9113730e-2 0.24834997
vt 7.9706909e-2 0.24834997
vt 7.9706909e-2 0.24834997
vt 7.9706909e-2 0.24834997
vt 7.9706909e-2 0.24834997
vt 7.9706909e-2 0.24834997
vt 7.9706909e-2 0.24834997
vt 7.9706909e-2 0.24834997
vt 7.9707009e-2 0.24834997
vt 7.9909582e-2 0.19836858
vt 7.9909582e-2 0.19836858
vt 7.9909582e-2 0.19836858
vt 7.9909582e-2 0.19836858
vt 7.9909582e-2 0.19836858
vt 7.9909582e-2 0.19836858
vt 7.9909582e-2 0.19836858
vt 7.9909582e-2 0.19836858
vt 7.9909681e-2 0.21685340
vt 7.9909681e-2 0.21685340
vt 7.9909681e-2 0.21685340
vt 7.9909681e-2 0.22904943
vt 7.9909681e-2 0.22904943
vt 7.9909681e-2 0.22904943
vt 7.9909681e-2 0.22904943
vt 7.9909681e-2 0.21685340
vt 7.9909681e-2 0.22904943
vt 8.2890713e-2 0.27253336
vt 8.2890713e-2 0.27253336
vt 8.2890713e-2 0.27253336
vt 8.2890713e-2 0.27253336
vt 8.2890713e-2 0.27253336
vt 8.2890713e-2 0.27253336
vt 8.2890713e-2 0.27253336
vt 8.2890812e-2 0.27253336
vt 8.3093385e-2 0.17418519
vt 8.3093385e-2 0.17418519
vt 8.3093385e-2 0.17418519
vt 8.3093385e-2 0.17418519
vt 8.3093385e-2 0.17418519
vt 8.3093385e-2 0.17418519
vt 8.3093385e-2 0.17418519
vt 8.3125747e-2 0.32274701
vt 8.3125747e-2 0.32274701
vt 8.3125747e-2 0.32274701
vt 8.3125747e-2 0.32274701
vt 8.3551057e-2 0.17418519
vt 8.3551057e-2 0.17418519
vt 8.3551057e-2 0.17418519
vt 8.3551057e-2 0.17418519
vt 8.3551057e-2 0.17418519
vt 8.3551057e-2 0.17418519
vt 8.6734860e-2 0.19836858
vt 8.6734860e-2 0.19836858
vt 8.6734860e-2 0.19836858
vt 8.6734860e-2 0.19836858
vt 8.6734860e-2 0.19836858
vt 8.6734860e-2 0.19836858
vt 8.6734860e-2 0.19836858
vt 9.3440845e-2 0.29100819
vt 9.3440845e-2 0.30320422
vt 9.3440845e-2 0.29100819
vt 9.3440845e-2 0.29100819
vt 9.3440845e-2 0.30320422
vt 9.3440845e-2 0.30320422
vt 9.3440845e-2 0.29100819
vt 9.3440845e-2 0.29100819
vt 9.3440845e-2 0.29100819
vt 9.3440845e-2 0.30320422
vt 9.3440845e-2 0.30320422
vt 0.10040163 0.27253336
vt 0.10040163 0.27253336
vt 0.10040163 0.27253336
vt 0.10040163 0.27253336
vt 0.10040163 0.27253336
vt 0.10040163 0.27253336
vt 0.10040173 0.27253336
vt 0.10174747 0.32274701
vt 0.10174747 0.32274701
vt 0.10174747 0.32274701
vt 0.10174747 0.32274701
vt 0.10358543 0.24834997
vt 0.10358543 0.24834997
vt 0.10358543 0.24834997
vt 0.10358543 0.24834997
vt 0.10358543 0.24834997
vt 0.10358543 0.24834997
vt 0.10358543 0.24834997
vt 0.10358553 0.24834997
vt 0.10538011 0.21685340
vt 0.10538011 0.22904943
vt 0.10538011 0.21685340
vt 0.10538011 0.21685340
vt 0.10538011 0.21685340
vt 0.10538011 0.22904943
vt 0.10538011 0.22904943
vt 0.10538011 0.22904943
vt 0.10538011 0.22904943
vt 0.10976858 0.48096784
vt 0.10976858 0.48096784
vt 0.10976858 0.48096784
vt 0.10976858 0.48096784
vt 0.10976858 0.48096784
vt 0.11220529 0.19836858
vt 0.11220529 0.19836858
vt 0.11220529 0.19836858
vt 0.11220529 0.19836858
vt 0.11220529 0.19836858
vt 0.11220529 0.19836858
vt 0.11220529 0.19836858
vt 0.11220529 0.19836858
vt 0.11538909 0.17418519
vt 0.11538909 0.17418519
vt 0.11538909 0.17418519
vt 0.11639707 8.6427201e-2
vt 0.11639707 8.6427201e-2
vt 0.11639707 8.6427201e-2
vt 0.11639707 8.6427201e-2
vt 0.11639707 8.6427201e-2
vt 0.11639707 8.6427201e-2
vt 0.11639707 8.6427201e-2
vt 0.11639707 8.6427201e-2
vt 0.11677029 1.9767340e-2
vt 0.11677029 1.9767340e-2
vt 0.11677029 1.9767340e-2
vt 0.11677029 1.9767340e-2
vt 0.11677029 1.9767340e-2
vt 0.11677029 1.9767340e-2
vt 0.11677029 1.9767340e-2
vt 0.11677029 1.9767340e-2
vt 0.13383192 0.32274701
vt 0.13383192 0.48096784
vt 0.13383192 0.32274701
vt 0.13383192 0.48096784
vt 0.13383192 0.32274701
vt 0.13383192 0.48096784
vt 0.13383192 0.32274701
vt 0.13383192 0.48096784
vt 0.15789525 0.48096784
vt 0.15789525 0.48096784
vt 0.15789525 0.48096784
vt 0.15789525 0.48096784
vt 0.16591636 0.32274701
vt 0.16591636 0.32274701
vt 0.16591636 0.32274701
vt 0.16591636 0.32274701
vt 0.18660613 0.47204520
vt 0.18660613 0.33222323
vt 0.19180205 0.32702732
vt 0.19180205 0.33222323
vt 0.19180205 0.47204520
vt 0.19180205 0.47724111
vt 0.19424272 0.32734188
vt 0.19424272 0.47692654
vt 0.19668340 0.33222323
vt 0.19668340 0.47204520
vt 0.19668340 0.47724111
vt 0.19668340 0.32702732
vt 0.20187931 0.33222323
vt 0.20187931 0.47204520
vn -2.3139920e-29 -0.97898042 -0.20395425
vn 1.0864675e-15 0.97898042 0.20395425
vn -2.3139920e-29 -0.97898042 0.20395425
vn 1.0864675e-15 0.97898042 -0.20395425
vn 0.17662957 -0.97898042 -0.10197713
vn -0.17662957 0.97898042 0.10197713
vn -0.17662957 -0.97898042 0.10197713
vn 0.17662957 0.97898042 -0.10197713
vn 0.10197713 -0.97898042 -0.17662957
vn -0.10197713 0.97898042 0.17662957
vn -0.10197713 -0.97898042 0.17662957
vn 0.10197713 0.97898042 -0.17662957
vn 0.14421744 -0.97898042 -0.14421744
vn -0.14421744 0.97898042 0.14421744
vn -0.14421744 -0.97898042 0.14421744
vn 0.14421744 0.97898042 -0.14421744
vn 0.19700468 -0.97898042 5.2787245e-2
vn -0.19700468 0.97898042 -5.2787245e-2
vn -0.19700468 -0.97898042 -5.2787245e-2
vn 0.19700468 0.97898042 5.2787245e-2
vn 0.19700468 -0.97898042 -5.2787245e-2
vn -0.19700468 0.97898042 5.2787245e-2
vn -0.19700468 -0.97898042 5.2787245e-2
vn 0.19700468 0.97898042 -5.2787245e-2
vn 0.20395425 -0.97898042 2.1729350e-16
vn -0.20395425 0.97898042 -1.0864675e-15
vn -0.20395425 -0.97898042 2.1729350e-16
vn 0.20395425 0.97898042 -1.0864675e-15
vn -0.10197713 -0.97898042 -0.17662957
vn 0.10197713 0.97898042 0.17662957
vn 0.10197713 -0.97898042 0.17662957
vn -0.10197713 0.97898042 -0.17662957
vn -0.17662957 -0.97898042 -0.10197713
vn 0.17662957 0.97898042 0.10197713
vn 0.17662957 -0.97898042 0.10197713
vn -0.17662957 0.97898042 -0.10197713
vn -0.14421744 -0.97898042 -0.14421744
vn 0.14421744 0.97898042 0.14421744
vn 0.14421744 -0.97898042 0.14421744
vn -0.14421744 0.97898042 -0.14421744
vn 5.2787245e-2 -0.97898042 -0.19700468
vn -5.2787245e-2 0.97898042 0.19700468
vn -5.2787245e-2 -0.97898042 0.19700468
vn 5.2787245e-2 0.97898042 -0.19700468
vn -5.2787245e-2 -0.97898042 -0.19700468
vn 5.2787245e-2 0.97898042 0.19700468
vn 5.2787245e-2 -0.97898042 0.19700468
vn -5.2787245e-2 0.97898042 -0.19700468
vn 0.0000000e+0 -1.00000000 -4.4683046e-18
vn 0.0000000e+0 1.00000000 9.4536030e-18
vn 1.3037610e-15 -0.97898042 -0.20395425
vn 0.0000000e+0 0.20395425 -0.97898042
vn -1.00000000 2.8458363e-17 5.9288256e-18
vn 1.3037610e-15 -0.97898042 -0.20395425
vn 3.9112831e-15 0.97898042 0.20395425
vn 0.0000000e+0 0.20395425 -0.97898042
vn -1.00000000 2.8458363e-17 5.9288256e-18
vn 3.9112831e-15 0.97898042 0.20395425
vn -1.3037610e-15 -0.97898042 -0.20395425
vn 0.0000000e+0 0.20395425 -0.97898042
vn 1.00000000 -2.8458363e-17 -5.9288256e-18
vn -1.3037610e-15 -0.97898042 -0.20395425
vn 0.0000000e+0 0.20395425 -0.97898042
vn 1.00000000 -2.8458363e-17 -5.9288256e-18
vn -2.2815818e-15 0.97898042 0.20395425
vn -2.2815818e-15 0.97898042 0.20395425
vn 1.00000000 -2.8458363e-17 -5.9288256e-18
vn -4.5631636e-15 0.97898042 0.20395425
vn 1.00000000 -2.8458363e-17 -5.9288256e-18
vn -2.6075220e-15 -0.97898042 -0.20395425
vn -1.00000000 2.8458363e-17 5.9288256e-18
vn 2.6075220e-15 -0.97898042 -0.20395425
vn 7.8225661e-15 0.97898042 0.20395425
vn -1.00000000 2.8458363e-17 5.9288256e-18
vn 1.3037610e-15 -0.97898042 0.20395425
vn 0.0000000e+0 0.20395425 0.97898042
vn -1.00000000 2.8458363e-17 -5.9288256e-18
vn 1.3037610e-15 -0.97898042 0.20395425
vn 3.9112831e-15 0.97898042 -0.20395425
vn 0.0000000e+0 0.20395425 0.97898042
vn -1.00000000 2.8458363e-17 -5.9288256e-18
vn 3.9112831e-15 0.97898042 -0.20395425
vn -1.3037610e-15 -0.97898042 0.20395425
vn 0.0000000e+0 0.20395425 0.97898042
vn 1.00000000 -2.8458363e-17 5.9288256e-18
vn -1.3037610e-15 -0.97898042 0.20395425
vn 0.0000000e+0 0.20395425 0.97898042
vn 1.00000000 -2.8458363e-17 5.9288256e-18
vn -2.2815818e-15 0.97898042 -0.20395425
vn -2.2815818e-15 0.97898042 -0.20395425
vn 1.00000000 -2.8458363e-17 5.9288256e-18
vn -4.5631636e-15 0.97898042 -0.20395425
vn 1.00000000 -2.8458363e-17 5.9288256e-18
vn -2.6075220e-15 -0.97898042 0.20395425
vn -1.00000000 2.8458363e-17 -5.9288256e-18
vn 2.6075220e-15 -0.97898042 0.20395425
vn 7.8225661e-15 0.97898042 -0.20395425
vn -1.00000000 2.8458363e-17 -5.9288256e-18
vn 0.97898042 0.20395425 -2.5186640e-16
vn 0.97898042 0.20395425 -2.5186640e-16
vn 0.94562247 0.20395425 0.25337878
vn 0.94562247 0.20395425 0.25337878
vn 0.84782191 0.20395425 0.48949021
vn 0.84782191 0.20395425 0.48949021
vn 0.69224369 0.20395425 0.69224369
vn 0.69224369 0.20395425 0.69224369
vn 0.48949021 0.20395425 0.84782191
vn 0.48949021 0.20395425 0.84782191
vn 0.25337878 0.20395425 0.94562247
vn 0.25337878 0.20395425 0.94562247
vn 2.3787382e-16 0.20395425 0.97898042
vn 2.3787382e-16 0.20395425 0.97898042
vn -0.25337878 0.20395425 0.94562247
vn -0.25337878 0.20395425 0.94562247
vn -0.48949021 0.20395425 0.84782191
vn -0.48949021 0.20395425 0.84782191
vn -0.69224369 0.20395425 0.69224369
vn -0.69224369 0.20395425 0.69224369
vn -0.84782191 0.20395425 0.48949021
vn -0.84782191 0.20395425 0.48949021
vn -0.94562247 0.20395425 0.25337878
vn -0.94562247 0.20395425 0.25337878
vn -0.97898042 0.20395425 2.6585898e-16
vn -0.97898042 0.20395425 2.6585898e-16
vn -0.94562247 0.20395425 -0.25337878
vn -0.94562247 0.20395425 -0.25337878
vn -0.84782191 0.20395425 -0.48949021
vn -0.84782191 0.20395425 -0.48949021
vn -0.69224369 0.20395425 -0.69224369
vn -0.69224369 0.20395425 -0.69224369
vn -0.48949021 0.20395425 -0.84782191
vn -0.48949021 0.20395425 -0.84782191
vn -0.25337878 0.20395425 -0.94562247
vn -0.25337878 0.20395425 -0.94562247
vn -4.8974022e-16 0.20395425 -0.97898042
vn -4.8974022e-16 0.20395425 -0.97898042
vn 0.25337878 0.20395425 -0.94562247
vn 0.25337878 0.20395425 -0.94562247
vn 0.48949021 0.20395425 -0.84782191
vn 0.48949021 0.20395425 -0.84782191
vn 0.69224369 0.20395425 -0.69224369
vn 0.69224369 0.20395425 -0.69224369
vn 0.84782191 0.20395425 -0.48949021
vn 0.84782191 0.20395425 -0.48949021
vn 0.94562247 0.20395425 -0.25337878
vn 0.94562247 0.20395425 -0.25337878
vn 0.97898042 0.20395425 -2.5186640e-16
vn 0.97898042 0.20395425 -2.5186640e-16
vn 0.94562247 0.20395425 0.25337878
vn 0.94562247 0.20395425 0.25337878
vn 0.84782191 0.20395425 0.48949021
vn 0.84782191 0.20395425 0.48949021
vn 0.69224369 0.20395425 0.69224369
vn 0.69224369 0.20395425 0.69224369
vn 0.48949021 0.20395425 0.84782191
vn 0.48949021 0.20395425 0.84782191
vn 0.25337878 0.20395425 0.94562247
vn 0.25337878 0.20395425 0.94562247
vn 2.3787382e-16 0.20395425 0.97898042
vn 2.3787382e-16 0.20395425 0.97898042
vn -0.25337878 0.20395425 0.94562247
vn -0.25337878 0.20395425 0.94562247
vn -0.48949021 0.20395425 0.84782191
vn -0.48949021 0.20395425 0.84782191
vn -0.69224369 0.20395425 0.69224369
vn -0.69224369 0.20395425 0.69224369
vn -0.84782191 0.20395425 0.48949021
vn -0.84782191 0.20395425 0.48949021
vn -0.94562247 0.20395425 0.25337878
vn -0.94562247 0.20395425 0.25337878
vn -0.97898042 0.20395425 2.6585898e-16
vn -0.97898042 0.20395425 2.6585898e-16
vn -0.94562247 0.20395425 -0.25337878
vn -0.94562247 0.20395425 -0.25337878
vn -0.84782191 0.20395425 -0.48949021
vn -0.84782191 0.20395425 -0.48949021
vn -0.69224369 0.20395425 -0.69224369
vn -0.69224369 0.20395425 -0.69224369
vn -0.48949021 0.20395425 -0.84782191
vn -0.48949021 0.20395425 -0.84782191
vn -0.25337878 0.20395425 -0.94562247
vn -0.25337878 0.20395425 -0.94562247
vn -4.8974022e-16 0.20395425 -0.97898042
vn -4.8974022e-16 0.20395425 -0.97898042
vn 0.25337878 0.20395425 -0.94562247
vn 0.25337878 0.20395425 -0.94562247
vn 0.48949021 0.20395425 -0.84782191
vn 0.48949021 0.20395425 -0.84782191
vn 0.69224369 0.20395425 -0.69224369
vn 0.69224369 0.20395425 -0.69224369
vn 0.84782191 0.20395425 -0.48949021
vn 0.84782191 0.20395425 -0.48949021
vn 0.94562247 0.20395425 -0.25337878
vn 0.94562247 0.20395425 -0.25337878
vn 0.17662957 -0.97898042 -0.10197713
vn 0.84782191 0.20395425 -0.48949021
vn -0.50000000 -4.5515824e-17 -0.86602540
vn 0.17662957 -0.97898042 -0.10197713
vn -0.17662957 0.97898042 0.10197713
vn 0.84782191 0.20395425 -0.48949021
vn -0.50000000 -4.5515824e-17 -0.86602540
vn -0.17662957 0.97898042 0.10197713
vn 0.17662957 -0.97898042 -0.10197713
vn 0.84782191 0.20395425 -0.48949021
vn 0.50000000 -3.1861077e-16 0.86602540
vn 0.17662957 -0.97898042 -0.10197713
vn 0.84782191 0.20395425 -0.48949021
vn 0.50000000 -3.1861077e-16 0.86602540
vn -0.17662957 0.97898042 0.10197713
vn -0.17662957 0.97898042 0.10197713
vn 0.50000000 -3.1861077e-16 0.86602540
vn -0.17662957 0.97898042 0.10197713
vn 0.50000000 -3.1861077e-16 0.86602540
vn 0.17662957 -0.97898042 -0.10197713
vn -0.50000000 -4.5515824e-17 -0.86602540
vn 0.17662957 -0.97898042 -0.10197713
vn -0.17662957 0.97898042 0.10197713
vn -0.50000000 -4.5515824e-17 -0.86602540
vn -0.17662957 -0.97898042 0.10197713
vn -0.84782191 0.20395425 0.48949021
vn -0.50000000 -2.2757912e-16 -0.86602540
vn -0.17662957 -0.97898042 0.10197713
vn 0.17662957 0.97898042 -0.10197713
vn -0.84782191 0.20395425 0.48949021
vn -0.50000000 -2.2757912e-16 -0.86602540
vn 0.17662957 0.97898042 -0.10197713
vn -0.17662957 -0.97898042 0.10197713
vn -0.84782191 0.20395425 0.48949021
vn 0.50000000 3.1861077e-16 0.86602540
vn -0.17662957 -0.97898042 0.10197713
vn -0.84782191 0.20395425 0.48949021
vn 0.50000000 3.1861077e-16 0.86602540
vn 0.17662957 0.97898042 -0.10197713
vn 0.17662957 0.97898042 -0.10197713
vn 0.50000000 3.1861077e-16 0.86602540
vn 0.17662957 0.97898042 -0.10197713
vn 0.50000000 3.1861077e-16 0.86602540
vn -0.17662957 -0.97898042 0.10197713
vn -0.50000000 -2.2757912e-16 -0.86602540
vn -0.17662957 -0.97898042 0.10197713
vn 0.17662957 0.97898042 -0.10197713
vn -0.50000000 -2.2757912e-16 -0.86602540
vn 0.10197713 -0.97898042 -0.17662957
vn 0.48949021 0.20395425 -0.84782191
vn -0.86602540 4.5515824e-17 -0.50000000
vn 0.10197713 -0.97898042 -0.17662957
vn -0.10197713 0.97898042 0.17662957
vn 0.48949021 0.20395425 -0.84782191
vn -0.86602540 4.5515824e-17 -0.50000000
vn -0.10197713 0.97898042 0.17662957
vn 0.10197713 -0.97898042 -0.17662957
vn 0.48949021 0.20395425 -0.84782191
vn 0.86602540 -1.8206329e-16 0.50000000
vn 0.10197713 -0.97898042 -0.17662957
vn 0.48949021 0.20395425 -0.84782191
vn 0.86602540 -1.8206329e-16 0.50000000
vn -0.10197713 0.97898042 0.17662957
vn -0.10197713 0.97898042 0.17662957
vn 0.86602540 -1.8206329e-16 0.50000000
vn -0.10197713 0.97898042 0.17662957
vn 0.86602540 -1.8206329e-16 0.50000000
vn 0.10197713 -0.97898042 -0.17662957
vn -0.86602540 4.5515824e-17 -0.50000000
vn 0.10197713 -0.97898042 -0.17662957
vn -0.10197713 0.97898042 0.17662957
vn -0.86602540 4.5515824e-17 -0.50000000
vn -0.10197713 -0.97898042 0.17662957
vn -0.48949021 0.20395425 0.84782191
vn -0.86602540 -1.3654747e-16 -0.50000000
vn -0.10197713 -0.97898042 0.17662957
vn 0.10197713 0.97898042 -0.17662957
vn -0.48949021 0.20395425 0.84782191
vn -0.86602540 -1.3654747e-16 -0.50000000
vn 0.10197713 0.97898042 -0.17662957
vn -0.10197713 -0.97898042 0.17662957
vn -0.48949021 0.20395425 0.84782191
vn 0.86602540 -1.3654747e-16 0.50000000
vn -0.10197713 -0.97898042 0.17662957
vn -0.48949021 0.20395425 0.84782191
vn 0.86602540 -1.3654747e-16 0.50000000
vn 0.10197713 0.97898042 -0.17662957
vn 0.10197713 0.97898042 -0.17662957
vn 0.86602540 -1.3654747e-16 0.50000000
vn 0.10197713 0.97898042 -0.17662957
vn 0.86602540 -1.3654747e-16 0.50000000
vn -0.10197713 -0.97898042 0.17662957
vn -0.86602540 -1.3654747e-16 -0.50000000
vn -0.10197713 -0.97898042 0.17662957
vn 0.10197713 0.97898042 -0.17662957
vn -0.86602540 -1.3654747e-16 -0.50000000
vn 0.14421744 -0.97898042 -0.14421744
vn 0.69224369 0.20395425 -0.69224369
vn -0.70710678 -1.8206329e-16 -0.70710678
vn 0.14421744 -0.97898042 -0.14421744
vn -0.14421744 0.97898042 0.14421744
vn 0.69224369 0.20395425 -0.69224369
vn -0.70710678 -1.8206329e-16 -0.70710678
vn -0.14421744 0.97898042 0.14421744
vn 0.14421744 -0.97898042 -0.14421744
vn 0.69224369 0.20395425 -0.69224369
vn 0.70710678 1.8206329e-16 0.70710678
vn 0.14421744 -0.97898042 -0.14421744
vn 0.69224369 0.20395425 -0.69224369
vn 0.70710678 1.8206329e-16 0.70710678
vn -0.14421744 0.97898042 0.14421744
vn -0.14421744 0.97898042 0.14421744
vn 0.70710678 1.8206329e-16 0.70710678
vn -0.14421744 0.97898042 0.14421744
vn 0.70710678 1.8206329e-16 0.70710678
vn 0.14421744 -0.97898042 -0.14421744
vn -0.70710678 -1.8206329e-16 -0.70710678
vn 0.14421744 -0.97898042 -0.14421744
vn -0.14421744 0.97898042 0.14421744
vn -0.70710678 -1.8206329e-16 -0.70710678
vn -0.14421744 -0.97898042 0.14421744
vn -0.69224369 0.20395425 0.69224369
vn -0.70710678 1.8206329e-16 -0.70710678
vn -0.14421744 -0.97898042 0.14421744
vn 0.14421744 0.97898042 -0.14421744
vn -0.69224369 0.20395425 0.69224369
vn -0.70710678 1.8206329e-16 -0.70710678
vn 0.14421744 0.97898042 -0.14421744
vn -0.14421744 -0.97898042 0.14421744
vn -0.69224369 0.20395425 0.69224369
vn 0.70710678 -1.8206329e-16 0.70710678
vn -0.14421744 -0.97898042 0.14421744
vn -0.69224369 0.20395425 0.69224369
vn 0.70710678 -1.8206329e-16 0.70710678
vn 0.14421744 0.97898042 -0.14421744
vn 0.14421744 0.97898042 -0.14421744
vn 0.70710678 -1.8206329e-16 0.70710678
vn 0.14421744 0.97898042 -0.14421744
vn 0.70710678 -1.8206329e-16 0.70710678
vn -0.14421744 -0.97898042 0.14421744
