# Exported from Wings 3D 1.5.4
mtllib Eridani_Solar_1_Hinge_1_L.mtl
o Eridani_Solar_1_Hinge_1_L
#64 vertices, 40 faces
v 6.5000000e-3 -5.0000000e-3 -0.83750000
v 5.0000000e-3 -6.5000000e-3 -0.83750000
v 5.0000000e-3 6.5000000e-3 -0.83750000
v 6.5000000e-3 5.0000000e-3 -0.83750000
v 6.5000000e-3 -5.0000000e-3 -0.83250000
v 5.0000000e-3 -6.5000000e-3 -0.83250000
v 5.0000000e-3 6.5000000e-3 -0.83250000
v 6.5000000e-3 5.0000000e-3 -0.83250000
v -2.6500000e-2 5.0000000e-3 -0.83750000
v -2.5000000e-2 6.5000000e-3 -0.83750000
v -2.6500000e-2 -5.0000000e-3 -0.83750000
v -2.5000000e-2 -6.5000000e-3 -0.83750000
v -2.6500000e-2 5.0000000e-3 -0.83250000
v -2.5000000e-2 6.5000000e-3 -0.83250000
v -2.5000000e-2 -6.5000000e-3 -0.83250000
v -2.6500000e-2 -5.0000000e-3 -0.83250000
v 6.5000000e-3 -5.0000000e-3 -1.71000000
v 5.0000000e-3 -6.5000000e-3 -1.71000000
v 5.0000000e-3 6.5000000e-3 -1.71000000
v 6.5000000e-3 5.0000000e-3 -1.71000000
v 6.5000000e-3 -5.0000000e-3 -1.70500000
v 5.0000000e-3 -6.5000000e-3 -1.70500000
v 5.0000000e-3 6.5000000e-3 -1.70500000
v 6.5000000e-3 5.0000000e-3 -1.70500000
v -2.6500000e-2 5.0000000e-3 -1.71000000
v -2.5000000e-2 6.5000000e-3 -1.71000000
v -2.6500000e-2 -5.0000000e-3 -1.71000000
v -2.5000000e-2 -6.5000000e-3 -1.71000000
v -2.6500000e-2 5.0000000e-3 -1.70500000
v -2.5000000e-2 6.5000000e-3 -1.70500000
v -2.5000000e-2 -6.5000000e-3 -1.70500000
v -2.6500000e-2 -5.0000000e-3 -1.70500000
v 6.5000000e-3 -5.0000000e-3 -0.86750000
v 5.0000000e-3 -6.5000000e-3 -0.86750000
v 5.0000000e-3 6.5000000e-3 -0.86750000
v 6.5000000e-3 5.0000000e-3 -0.86750000
v 6.5000000e-3 -5.0000000e-3 -0.86250000
v 5.0000000e-3 -6.5000000e-3 -0.86250000
v 5.0000000e-3 6.5000000e-3 -0.86250000
v 6.5000000e-3 5.0000000e-3 -0.86250000
v -2.6500000e-2 5.0000000e-3 -0.86750000
v -2.5000000e-2 6.5000000e-3 -0.86750000
v -2.6500000e-2 -5.0000000e-3 -0.86750000
v -2.5000000e-2 -6.5000000e-3 -0.86750000
v -2.6500000e-2 5.0000000e-3 -0.86250000
v -2.5000000e-2 6.5000000e-3 -0.86250000
v -2.5000000e-2 -6.5000000e-3 -0.86250000
v -2.6500000e-2 -5.0000000e-3 -0.86250000
v 6.5000000e-3 -5.0000000e-3 5.0000000e-3
v 5.0000000e-3 -6.5000000e-3 5.0000000e-3
v 5.0000000e-3 6.5000000e-3 5.0000000e-3
v 6.5000000e-3 5.0000000e-3 5.0000000e-3
v 6.5000000e-3 -5.0000000e-3 1.0000000e-2
v 5.0000000e-3 -6.5000000e-3 1.0000000e-2
v 5.0000000e-3 6.5000000e-3 1.0000000e-2
v 6.5000000e-3 5.0000000e-3 1.0000000e-2
v -2.6500000e-2 5.0000000e-3 5.0000000e-3
v -2.5000000e-2 6.5000000e-3 5.0000000e-3
v -2.6500000e-2 -5.0000000e-3 5.0000000e-3
v -2.5000000e-2 -6.5000000e-3 5.0000000e-3
v -2.6500000e-2 5.0000000e-3 1.0000000e-2
v -2.5000000e-2 6.5000000e-3 1.0000000e-2
v -2.5000000e-2 -6.5000000e-3 1.0000000e-2
v -2.6500000e-2 -5.0000000e-3 1.0000000e-2
vt 0.86114809 0.83701226
vt 0.86114809 0.82552043
vt 0.86114809 0.83701226
vt 0.86114809 0.82552043
vt 0.86114809 0.82552043
vt 0.86114809 0.82552043
vt 0.86114809 0.82552043
vt 0.86114809 0.83701226
vt 0.86114809 0.83701226
vt 0.86114809 0.83701226
vt 0.86157564 0.77783201
vt 0.86157564 0.77831885
vt 0.86157564 0.79581566
vt 0.86157564 0.79630250
vt 0.86157564 0.85729223
vt 0.86157564 0.87527588
vt 0.86157564 0.77804027
vt 0.86157564 0.77831885
vt 0.86157564 0.79602392
vt 0.86157564 0.79630250
vt 0.86427319 0.77513446
vt 0.86427319 0.77562130
vt 0.86427319 0.79851321
vt 0.86427319 0.79900005
vt 0.86427319 0.85459468
vt 0.86427319 0.87797342
vt 0.86427319 0.77534272
vt 0.86427319 0.77562130
vt 0.86427319 0.79872147
vt 0.86427319 0.79900005
vt 0.91065109 0.82552043
vt 0.91065109 0.83701226
vt 0.91065109 0.83701226
vt 0.91065109 0.82552043
vt 0.91065109 0.82552043
vt 0.91065109 0.82552043
vt 0.91065109 0.82552043
vt 0.91065109 0.83701226
vt 0.91065109 0.83701226
vt 0.91065109 0.83701226
vt 0.91065109 0.82552043
vt 0.91065109 0.83701226
vt 0.91419881 0.82552043
vt 0.91419881 0.83701226
vt 0.91419881 0.83701226
vt 0.91419881 0.82552043
vt 0.91419881 0.82552043
vt 0.91419881 0.82552043
vt 0.91419881 0.83701226
vt 0.91419881 0.83701226
vt 0.91419881 0.82552043
vt 0.91419881 0.83701226
vt 0.91419881 0.82552043
vt 0.91419881 0.83701226
vt 0.91822414 0.77513446
vt 0.91822414 0.77562130
vt 0.91822414 0.79851321
vt 0.91822414 0.79900005
vt 0.91822414 0.85459468
vt 0.91822414 0.87797342
vt 0.91822414 0.77534272
vt 0.91822414 0.77562130
vt 0.91822414 0.79872147
vt 0.91822414 0.79900005
vt 0.91994665 0.83701226
vt 0.91994665 0.82552043
vt 0.91994665 0.82552043
vt 0.91994665 0.82552043
vt 0.91994665 0.82552043
vt 0.91994665 0.83701226
vt 0.91994665 0.83701226
vt 0.91994665 0.83701226
vt 0.91994665 0.82552043
vt 0.91994665 0.82552043
vt 0.91994665 0.82552043
vt 0.91994665 0.83701226
vt 0.91994665 0.82552043
vt 0.91994665 0.83701226
vt 0.92092169 0.77783201
vt 0.92092169 0.77831885
vt 0.92092169 0.79581566
vt 0.92092169 0.79630250
vt 0.92092169 0.85729223
vt 0.92092169 0.87527588
vt 0.92092169 0.87527588
vt 0.92092169 0.77804027
vt 0.92092169 0.77831885
vt 0.92092169 0.79602392
vt 0.92092169 0.79630250
vt 0.92134924 0.83701226
vt 0.92134924 0.82552043
vt 0.92134924 0.83701226
vt 0.92134924 0.82552043
vt 0.92134924 0.82552043
vt 0.92134924 0.82552043
vt 0.92134924 0.82552043
vt 0.92134924 0.82552043
vt 0.92134924 0.83701226
vt 0.92134924 0.83701226
vt 0.92134924 0.83701226
vt 0.92134924 0.83701226
vt 0.92134924 0.82552043
vn 0.92387953 -0.38268343 0.0000000e+0
vn 1.9155515e-15 0.0000000e+0 -1.00000000
vn 0.92387953 -0.38268343 0.0000000e+0
vn 0.38268343 -0.92387953 0.0000000e+0
vn 1.9155515e-15 0.0000000e+0 -1.00000000
vn 0.38268343 -0.92387953 0.0000000e+0
vn 0.38268343 0.92387953 0.0000000e+0
vn 1.9155515e-15 0.0000000e+0 -1.00000000
vn 0.38268343 0.92387953 0.0000000e+0
vn 0.92387953 0.38268343 0.0000000e+0
vn 1.9155515e-15 0.0000000e+0 -1.00000000
vn 0.92387953 0.38268343 0.0000000e+0
vn 0.92387953 -0.38268343 0.0000000e+0
vn -3.3202893e-16 0.0000000e+0 1.00000000
vn 0.92387953 -0.38268343 0.0000000e+0
vn 0.38268343 -0.92387953 0.0000000e+0
vn -3.3202893e-16 0.0000000e+0 1.00000000
vn 0.38268343 -0.92387953 0.0000000e+0
vn 0.38268343 0.92387953 0.0000000e+0
vn -3.3202893e-16 0.0000000e+0 1.00000000
vn 0.38268343 0.92387953 0.0000000e+0
vn 0.92387953 0.38268343 0.0000000e+0
vn -3.3202893e-16 0.0000000e+0 1.00000000
vn 0.92387953 0.38268343 0.0000000e+0
vn -0.92387953 0.38268343 0.0000000e+0
vn 1.9155515e-15 0.0000000e+0 -1.00000000
vn -0.92387953 0.38268343 0.0000000e+0
vn -0.38268343 0.92387953 0.0000000e+0
vn 1.9155515e-15 0.0000000e+0 -1.00000000
vn -0.38268343 0.92387953 0.0000000e+0
vn -0.92387953 -0.38268343 0.0000000e+0
vn 1.9155515e-15 0.0000000e+0 -1.00000000
vn -0.92387953 -0.38268343 0.0000000e+0
vn -0.38268343 -0.92387953 0.0000000e+0
vn 1.9155515e-15 0.0000000e+0 -1.00000000
vn -0.38268343 -0.92387953 0.0000000e+0
vn -0.92387953 0.38268343 0.0000000e+0
vn -3.3202893e-16 0.0000000e+0 1.00000000
vn -0.92387953 0.38268343 0.0000000e+0
vn -0.38268343 0.92387953 0.0000000e+0
vn -3.3202893e-16 0.0000000e+0 1.00000000
vn -0.38268343 0.92387953 0.0000000e+0
vn -0.38268343 -0.92387953 0.0000000e+0
vn -3.3202893e-16 0.0000000e+0 1.00000000
vn -0.38268343 -0.92387953 0.0000000e+0
vn -0.92387953 -0.38268343 0.0000000e+0
vn -3.3202893e-16 0.0000000e+0 1.00000000
vn -0.92387953 -0.38268343 0.0000000e+0
vn 0.92387953 -0.38268343 0.0000000e+0
vn 5.2103002e-15 0.0000000e+0 -1.00000000
vn 0.92387953 -0.38268343 0.0000000e+0
vn 0.38268343 -0.92387953 0.0000000e+0
vn 5.2103002e-15 0.0000000e+0 -1.00000000
vn 0.38268343 -0.92387953 0.0000000e+0
vn 0.38268343 0.92387953 0.0000000e+0
vn 5.2103002e-15 0.0000000e+0 -1.00000000
vn 0.38268343 0.92387953 0.0000000e+0
vn 0.92387953 0.38268343 0.0000000e+0
vn 5.2103002e-15 0.0000000e+0 -1.00000000
vn 0.92387953 0.38268343 0.0000000e+0
vn 0.92387953 -0.38268343 0.0000000e+0
vn 1.9921736e-15 0.0000000e+0 1.00000000
vn 0.92387953 -0.38268343 0.0000000e+0
vn 0.38268343 -0.92387953 0.0000000e+0
vn 1.9921736e-15 0.0000000e+0 1.00000000
vn 0.38268343 -0.92387953 0.0000000e+0
vn 0.38268343 0.92387953 0.0000000e+0
vn 1.9921736e-15 0.0000000e+0 1.00000000
vn 0.38268343 0.92387953 0.0000000e+0
vn 0.92387953 0.38268343 0.0000000e+0
vn 1.9921736e-15 0.0000000e+0 1.00000000
vn 0.92387953 0.38268343 0.0000000e+0
vn -0.92387953 0.38268343 0.0000000e+0
vn 5.2103002e-15 0.0000000e+0 -1.00000000
vn -0.92387953 0.38268343 0.0000000e+0
vn -0.38268343 0.92387953 0.0000000e+0
vn 5.2103002e-15 0.0000000e+0 -1.00000000
vn -0.38268343 0.92387953 0.0000000e+0
vn -0.92387953 -0.38268343 0.0000000e+0
vn 5.2103002e-15 0.0000000e+0 -1.00000000
vn -0.92387953 -0.38268343 0.0000000e+0
vn -0.38268343 -0.92387953 0.0000000e+0
vn 5.2103002e-15 0.0000000e+0 -1.00000000
vn -0.38268343 -0.92387953 0.0000000e+0
vn -0.92387953 0.38268343 0.0000000e+0
vn 1.9921736e-15 0.0000000e+0 1.00000000
vn -0.92387953 0.38268343 0.0000000e+0
vn -0.38268343 0.92387953 0.0000000e+0
vn 1.9921736e-15 0.0000000e+0 1.00000000
vn -0.38268343 0.92387953 0.0000000e+0
vn -0.38268343 -0.92387953 0.0000000e+0
vn 1.9921736e-15 0.0000000e+0 1.00000000
vn -0.38268343 -0.92387953 0.0000000e+0
vn -0.92387953 -0.38268343 0.0000000e+0
vn 1.9921736e-15 0.0000000e+0 1.00000000
vn -0.92387953 -0.38268343 0.0000000e+0
vn 0.92387953 -0.38268343 0.0000000e+0
vn 1.7112260e-15 0.0000000e+0 -1.00000000
vn 0.92387953 -0.38268343 0.0000000e+0
vn 0.38268343 -0.92387953 0.0000000e+0
vn 1.7112260e-15 0.0000000e+0 -1.00000000
vn 0.38268343 -0.92387953 0.0000000e+0
vn 0.38268343 0.92387953 0.0000000e+0
vn 1.7112260e-15 0.0000000e+0 -1.00000000
vn 0.38268343 0.92387953 0.0000000e+0
vn 0.92387953 0.38268343 0.0000000e+0
vn 1.7112260e-15 0.0000000e+0 -1.00000000
vn 0.92387953 0.38268343 0.0000000e+0
vn 0.92387953 -0.38268343 0.0000000e+0
vn -6.3851718e-16 0.0000000e+0 1.00000000
vn 0.92387953 -0.38268343 0.0000000e+0
vn 0.38268343 -0.92387953 0.0000000e+0
vn -6.3851718e-16 0.0000000e+0 1.00000000
vn 0.38268343 -0.92387953 0.0000000e+0
vn 0.38268343 0.92387953 0.0000000e+0
vn -6.3851718e-16 0.0000000e+0 1.00000000
vn 0.38268343 0.92387953 0.0000000e+0
vn 0.92387953 0.38268343 0.0000000e+0
vn -6.3851718e-16 0.0000000e+0 1.00000000
vn 0.92387953 0.38268343 0.0000000e+0
vn -0.92387953 0.38268343 0.0000000e+0
vn 1.7112260e-15 0.0000000e+0 -1.00000000
vn -0.92387953 0.38268343 0.0000000e+0
vn -0.38268343 0.92387953 0.0000000e+0
vn 1.7112260e-15 0.0000000e+0 -1.00000000
vn -0.38268343 0.92387953 0.0000000e+0
vn -0.92387953 -0.38268343 0.0000000e+0
vn 1.7112260e-15 0.0000000e+0 -1.00000000
vn -0.92387953 -0.38268343 0.0000000e+0
vn -0.38268343 -0.92387953 0.0000000e+0
vn 1.7112260e-15 0.0000000e+0 -1.00000000
vn -0.38268343 -0.92387953 0.0000000e+0
vn -0.92387953 0.38268343 0.0000000e+0
vn -6.3851718e-16 0.0000000e+0 1.00000000
vn -0.92387953 0.38268343 0.0000000e+0
vn -0.38268343 0.92387953 0.0000000e+0
vn -6.3851718e-16 0.0000000e+0 1.00000000
vn -0.38268343 0.92387953 0.0000000e+0
vn -0.38268343 -0.92387953 0.0000000e+0
vn -6.3851718e-16 0.0000000e+0 1.00000000
vn -0.38268343 -0.92387953 0.0000000e+0
vn -0.92387953 -0.38268343 0.0000000e+0
vn -6.3851718e-16 0.0000000e+0 1.00000000
vn -0.92387953 -0.38268343 0.0000000e+0
vn 0.92387953 -0.38268343 0.0000000e+0
vn 1.2770344e-17 0.0000000e+0 -1.00000000
vn 0.92387953 -0.38268343 0.0000000e+0
vn 0.38268343 -0.92387953 0.0000000e+0
vn 1.2770344e-17 0.0000000e+0 -1.00000000
vn 0.38268343 -0.92387953 0.0000000e+0
vn 0.38268343 0.92387953 0.0000000e+0
vn 1.2770344e-17 0.0000000e+0 -1.00000000
vn 0.38268343 0.92387953 0.0000000e+0
vn 0.92387953 0.38268343 0.0000000e+0
vn 1.2770344e-17 0.0000000e+0 -1.00000000
vn 0.92387953 0.38268343 0.0000000e+0
vn 0.92387953 -0.38268343 0.0000000e+0
vn -3.7512884e-17 0.0000000e+0 1.00000000
vn 0.92387953 -0.38268343 0.0000000e+0
vn 0.38268343 -0.92387953 0.0000000e+0
vn -3.7512884e-17 0.0000000e+0 1.00000000
vn 0.38268343 -0.92387953 0.0000000e+0
vn 0.38268343 0.92387953 0.0000000e+0
vn -3.7512884e-17 0.0000000e+0 1.00000000
vn 0.38268343 0.92387953 0.0000000e+0
vn 0.92387953 0.38268343 0.0000000e+0
vn -3.7512884e-17 0.0000000e+0 1.00000000
vn 0.92387953 0.38268343 0.0000000e+0
vn -0.92387953 0.38268343 0.0000000e+0
vn 1.2770344e-17 0.0000000e+0 -1.00000000
vn -0.92387953 0.38268343 0.0000000e+0
vn -0.38268343 0.92387953 0.0000000e+0
vn 1.2770344e-17 0.0000000e+0 -1.00000000
vn -0.38268343 0.92387953 0.0000000e+0
vn -0.92387953 -0.38268343 0.0000000e+0
vn 1.2770344e-17 0.0000000e+0 -1.00000000
vn -0.92387953 -0.38268343 0.0000000e+0
vn -0.38268343 -0.92387953 0.0000000e+0
vn 1.2770344e-17 0.0000000e+0 -1.00000000
vn -0.38268343 -0.92387953 0.0000000e+0
vn -0.92387953 0.38268343 0.0000000e+0
vn -3.7512884e-17 0.0000000e+0 1.00000000
vn -0.92387953 0.38268343 0.0000000e+0
vn -0.38268343 0.92387953 0.0000000e+0
vn -3.7512884e-17 0.0000000e+0 1.00000000
vn -0.38268343 0.92387953 0.0000000e+0
vn -0.38268343 -0.92387953 0.0000000e+0
vn -3.7512884e-17 0.0000000e+0 1.00000000
vn -0.38268343 -0.92387953 0.0000000e+0
vn -0.92387953 -0.38268343 0.0000000e+0
vn -3.7512884e-17 0.0000000e+0 1.00000000
vn -0.92387953 -0.38268343 0.0000000e+0
g Eridani_Solar_1_Hinge_1_L_Eridani_Solar_1_Hinge_1_L_auv
usemtl Eridani_Solar_1_Hinge_1_L_auv
s 1
f 6/24/17 5/14/14 8/12/23 7/22/20 14/56/41 13/80/38 16/82/47 15/58/44
f 12/26/35 11/16/32 9/15/26 10/25/29 3/59/8 4/83/11 1/85/2 2/60/5
f 22/23/65 21/13/62 24/11/71 23/21/68 30/55/89 29/79/86 32/81/95 31/57/92
f 28/26/83 27/16/80 25/15/74 26/25/77 19/59/56 20/83/59 17/85/50 18/60/53
f 38/26/113 37/16/110 40/15/119 39/25/116 46/59/137 45/83/134 48/84/143 47/60/140
f 44/62/131 43/87/128 41/89/122 42/64/125 35/30/104 36/20/107 33/18/98 34/28/101
f 54/26/161 53/16/158 56/15/167 55/25/164 62/59/185 61/83/182 64/84/191 63/60/188
f 60/61/179 59/86/176 57/88/170 58/63/173 51/29/152 52/19/155 49/17/146 50/27/149
s 2
f 1/52/3 5/51/15 6/36/18 2/38/6
f 2/38/4 6/36/16 15/7/43 12/10/34
f 4/98/10 8/93/22 5/51/13 1/52/1
f 8/93/24 4/98/12 3/78/9 7/74/21
f 10/42/28 14/41/40 7/2/19 3/3/7
f 11/101/31 16/91/46 13/53/37 9/54/25
f 12/70/36 15/68/45 16/91/48 11/101/33
f 13/53/39 14/41/42 10/42/30 9/54/27
f 17/92/51 21/102/63 22/73/66 18/65/54
f 18/10/52 22/6/64 31/31/91 28/32/82
f 20/45/58 24/46/70 21/102/61 17/92/49
f 24/46/72 20/45/60 19/33/57 23/34/69
f 26/1/76 30/4/88 23/34/67 19/33/55
f 27/44/79 32/43/94 29/97/85 25/90/73
f 28/32/84 31/31/93 32/43/96 27/44/81
f 29/97/87 30/67/90 26/72/78 25/90/75
f 33/52/99 37/51/111 38/37/114 34/40/102
f 34/40/100 38/37/112 47/6/139 44/9/130
f 36/100/106 40/96/118 37/51/109 33/52/97
f 40/96/120 36/100/108 35/78/105 39/77/117
f 42/40/124 46/37/136 39/7/115 35/9/103
f 43/100/127 48/95/142 45/48/133 41/50/121
f 44/71/132 47/69/141 48/95/144 43/100/129
f 45/48/135 46/37/138 42/40/126 41/50/123
f 49/52/147 53/51/159 54/36/162 50/40/150
f 50/40/148 54/36/160 63/6/187 60/9/178
f 52/100/154 56/95/166 53/51/157 49/52/145
f 56/95/168 52/100/156 51/76/153 55/75/165
f 58/39/172 62/35/184 55/5/163 51/8/151
f 59/99/175 64/94/190 61/47/181 57/49/169
f 60/70/180 63/66/189 64/94/192 59/99/177
f 61/47/183 62/35/186 58/39/174 57/49/171
