# Exported from Wings 3D 1.5.4
mtllib big adapter.mtl
o 1
#184 vertices, 140 faces
v 0.30022516 0.13384543 -0.98612025
v 0.29136516 0.12441301 -0.96473031
v 0.28217700 0.24960698 -0.94254814
v 0.27331700 0.24017455 -0.92115820
v 0.48500107 0.13384543 -0.90958356
v 0.47614106 0.12441301 -0.88819362
v 0.46695291 0.24960698 -0.86601146
v 0.45809290 0.24017455 -0.84462151
v -1.17524182 -0.36250000 -0.46650625
v -1.16089119 -0.36250000 -0.50115173
v -1.17524182 -0.28750000 -0.46650625
v -1.16089119 -0.28750000 -0.50115173
v -1.09440236 -0.36250000 -0.43302145
v -1.08005173 -0.36250000 -0.46766693
v -1.09440236 -0.28750000 -0.43302145
v -1.08005173 -0.28750000 -0.46766693
v -1.17524182 -0.36250000 0.46650625
v -1.16089119 -0.36250000 0.50115173
v -1.17524182 -0.28750000 0.46650625
v -1.16089119 -0.28750000 0.50115173
v -1.09440236 -0.36250000 0.43302145
v -1.08005173 -0.36250000 0.46766693
v -1.09440236 -0.28750000 0.43302145
v -1.08005173 -0.28750000 0.46766693
v 1.17524182 -0.36250000 -0.46650625
v 1.16089119 -0.36250000 -0.50115173
v 1.17524182 -0.28750000 -0.46650625
v 1.16089119 -0.28750000 -0.50115173
v 1.09440236 -0.36250000 -0.43302145
v 1.08005173 -0.36250000 -0.46766693
v 1.09440236 -0.28750000 -0.43302145
v 1.08005173 -0.28750000 -0.46766693
v 1.17524182 -0.36250000 0.46650625
v 1.16089119 -0.36250000 0.50115173
v 1.17524182 -0.28750000 0.46650625
v 1.16089119 -0.28750000 0.50115173
v 1.09440236 -0.36250000 0.43302145
v 1.08005173 -0.36250000 0.46766693
v 1.09440236 -0.28750000 0.43302145
v 1.08005173 -0.28750000 0.46766693
v 0.93750000 0.33750000 1.5872165e-17
v 0.90555546 0.33750000 0.24264285
v 0.81189882 0.33750000 0.46875000
v 0.66291261 0.33750000 0.66291261
v 0.46875000 0.33750000 0.81189882
v 0.24264285 0.33750000 0.90555546
v 5.6827078e-17 0.33750000 0.93750000
v -0.24264285 0.33750000 0.90555546
v -0.46875000 0.33750000 0.81189882
v -0.66291261 0.33750000 0.66291261
v -0.81189882 0.33750000 0.46875000
v -0.90555546 0.33750000 0.24264285
v -0.93750000 0.33750000 1.3068280e-16
v -0.90555546 0.33750000 -0.24264285
v -0.81189882 0.33750000 -0.46875000
v -0.66291261 0.33750000 -0.66291261
v -0.46875000 0.33750000 -0.81189882
v -0.24264285 0.33750000 -0.90555546
v -1.7279420e-16 0.33750000 -0.93750000
v 0.24264285 0.33750000 -0.90555546
v 0.46875000 0.33750000 -0.81189882
v 0.66291261 0.33750000 -0.66291261
v 0.81189882 0.33750000 -0.46875000
v 0.90555546 0.33750000 -0.24264285
v 1.25000000 -0.33750000 6.6686679e-18
v 1.20740728 -0.33750000 0.32352381
v 1.08253175 -0.33750000 0.62500000
v 0.88388348 -0.33750000 0.88388348
v 0.62500000 -0.33750000 1.08253175
v 0.32352381 -0.33750000 1.20740728
v 1.1123489e-16 -0.33750000 1.25000000
v -0.32352381 -0.33750000 1.20740728
v -0.62500000 -0.33750000 1.08253175
v -0.88388348 -0.33750000 0.88388348
v -1.08253175 -0.33750000 0.62500000
v -1.20740728 -0.33750000 0.32352381
v -1.25000000 -0.33750000 1.5974952e-16
v -1.20740728 -0.33750000 -0.32352381
v -1.08253175 -0.33750000 -0.62500000
v -0.88388348 -0.33750000 -0.88388348
v -0.62500000 -0.33750000 -1.08253175
v -0.32352381 -0.33750000 -1.20740728
v -1.9492681e-16 -0.33750000 -1.25000000
v 0.32352381 -0.33750000 -1.20740728
v 0.62500000 -0.33750000 -1.08253175
v 0.88388348 -0.33750000 -0.88388348
v 1.08253175 -0.33750000 -0.62500000
v 1.20740728 -0.33750000 -0.32352381
v 1.25000000 -0.37500000 6.1592811e-18
v 1.20740728 -0.37500000 0.32352381
v 1.08253175 -0.37500000 0.62500000
v 0.88388348 -0.37500000 0.88388348
v 0.62500000 -0.37500000 1.08253175
v 0.32352381 -0.37500000 1.20740728
v 1.1123489e-16 -0.37500000 1.25000000
v -0.32352381 -0.37500000 1.20740728
v -0.62500000 -0.37500000 1.08253175
v -0.88388348 -0.37500000 0.88388348
v -1.08253175 -0.37500000 0.62500000
v -1.20740728 -0.37500000 0.32352381
v -1.25000000 -0.37500000 1.5924013e-16
v -1.20740728 -0.37500000 -0.32352381
v -1.08253175 -0.37500000 -0.62500000
v -0.88388348 -0.37500000 -0.88388348
v -0.62500000 -0.37500000 -1.08253175
v -0.32352381 -0.37500000 -1.20740728
v -1.9492681e-16 -0.37500000 -1.25000000
v 0.32352381 -0.37500000 -1.20740728
v 0.62500000 -0.37500000 -1.08253175
v 0.88388348 -0.37500000 -0.88388348
v 1.08253175 -0.37500000 -0.62500000
v 1.20740728 -0.37500000 -0.32352381
v 0.90555546 0.37500000 0.24264285
v 0.93750000 0.37500000 1.5510232e-17
v 0.90555546 0.37500000 -0.24264285
v 0.81189882 0.37500000 -0.46875000
v 0.66291261 0.37500000 -0.66291261
v 0.46875000 0.37500000 -0.81189882
v 0.24264285 0.37500000 -0.90555546
v -1.7279420e-16 0.37500000 -0.93750000
v -0.24264285 0.37500000 -0.90555546
v -0.46875000 0.37500000 -0.81189882
v -0.66291261 0.37500000 -0.66291261
v -0.81189882 0.37500000 -0.46875000
v -0.90555546 0.37500000 -0.24264285
v -0.93750000 0.37500000 1.3032087e-16
v -0.90555546 0.37500000 0.24264285
v -0.81189882 0.37500000 0.46875000
v -0.66291261 0.37500000 0.66291261
v -0.46875000 0.37500000 0.81189882
v -0.24264285 0.37500000 0.90555546
v 5.6827078e-17 0.37500000 0.93750000
v 0.24264285 0.37500000 0.90555546
v 0.46875000 0.37500000 0.81189882
v 0.66291261 0.37500000 0.66291261
v 0.81189882 0.37500000 0.46875000
v 1.17118506 -0.33750000 -0.31381809
v 1.05005580 -0.33750000 -0.60625000
v 0.85736697 -0.33750000 -0.85736697
v 0.60625000 -0.33750000 -1.05005580
v 0.31381809 -0.33750000 -1.17118506
v -5.9229167e-17 -0.33750000 -1.21250000
v -0.31381809 -0.33750000 -1.17118506
v -0.60625000 -0.33750000 -1.05005580
v -0.85736697 -0.33750000 -0.85736697
v -1.05005580 -0.33750000 -0.60625000
v -1.17118506 -0.33750000 -0.31381809
v -1.21250000 -0.33750000 1.5947575e-16
v -1.17118506 -0.33750000 0.31381809
v -1.05005580 -0.33750000 0.60625000
v -0.85736697 -0.33750000 0.85736697
v -0.60625000 -0.33750000 1.05005580
v -0.31381809 -0.33750000 1.17118506
v 2.3774768e-16 -0.33750000 1.21250000
v 0.31381809 -0.33750000 1.17118506
v 0.60625000 -0.33750000 1.05005580
v 0.85736697 -0.33750000 0.85736697
v 1.05005580 -0.33750000 0.60625000
v 1.17118506 -0.33750000 0.31381809
v 1.21250000 -0.33750000 1.0987330e-17
v -0.62455727 0.13384543 0.81393889
v -0.61046304 0.12441301 0.79557092
v -0.59584680 0.24960698 0.77652267
v -0.58175257 0.24017455 0.75815471
v -0.70389261 0.13384543 0.75306274
v -0.68979837 0.12441301 0.73469478
v -0.67518213 0.24960698 0.71564652
v -0.66108790 0.24017455 0.69727856
v -0.30022516 0.13384543 0.98612025
v -0.29136516 0.12441301 0.96473031
v -0.28217700 0.24960698 0.94254814
v -0.27331700 0.24017455 0.92115820
v -0.48500107 0.13384543 0.90958356
v -0.47614106 0.12441301 0.88819362
v -0.46695291 0.24960698 0.86601146
v -0.45809290 0.24017455 0.84462151
v 0.62455727 0.13384543 -0.81393889
v 0.61046304 0.12441301 -0.79557092
v 0.59584680 0.24960698 -0.77652267
v 0.58175257 0.24017455 -0.75815471
v 0.70389261 0.13384543 -0.75306274
v 0.68979837 0.12441301 -0.73469478
v 0.67518213 0.24960698 -0.71564652
v 0.66108790 0.24017455 -0.69727856
vt 0.59978656 0.61848561
vt 0.59978656 0.61848561
vt 0.61358153 0.68889212
vt 0.61358153 0.68889212
vt 0.61410515 0.69262618
vt 0.61410515 0.69262618
vt 0.63039379 0.61848561
vt 0.63502025 0.70483958
vt 0.63502025 0.71703733
vt 0.63502025 0.71703733
vt 0.63502025 0.70483958
vt 0.63736023 0.68889212
vt 0.63736023 0.68889212
vt 0.63746154 0.71703733
vt 0.63746154 0.70239829
vt 0.63746154 0.70483958
vt 0.63746154 0.71947862
vt 0.63746154 0.71703733
vt 0.63746154 0.71947862
vt 0.63746154 0.70239829
vt 0.63746154 0.70483958
vt 0.63771175 0.69262618
vt 0.63771175 0.69262618
vt 0.63983973 0.73216939
vt 0.63983973 0.74445284
vt 0.63983973 0.74445284
vt 0.64228103 0.73216939
vt 0.64228103 0.74445284
vt 0.64228103 0.72972810
vt 0.64228103 0.73216939
vt 0.64228103 0.74445284
vt 0.64228103 0.74689414
vt 0.64228103 0.72972810
vt 0.65212637 0.74445284
vt 0.65212637 0.72972810
vt 0.65212637 0.72972810
vt 0.65212637 0.73216939
vt 0.65212637 0.74689414
vt 0.65212637 0.73216939
vt 0.65212637 0.74689414
vt 0.65456766 0.73216939
vt 0.65456766 0.73216939
vt 0.65456766 0.74445284
vt 0.65456766 0.74445284
vt 0.65690018 0.70239829
vt 0.65690018 0.70483958
vt 0.65690018 0.71703733
vt 0.65690018 0.71947862
vt 0.65690018 0.71703733
vt 0.65690018 0.70239829
vt 0.65690018 0.70483958
vt 0.65690018 0.71947862
vt 0.65934147 0.70483958
vt 0.65934147 0.71703733
vt 0.65934147 0.70483958
vt 0.65934147 0.71703733
vt 0.66125945 0.69262618
vt 0.66125945 0.69262618
vt 0.66125945 0.61848561
vt 0.66125945 0.61848561
vt 0.66125945 0.68889212
vt 0.66125945 0.68889212
vt 0.67009428 0.71948404
vt 0.67009428 0.71213144
vt 0.67848462 0.72806206
vt 0.67848462 0.71213144
vt 0.67848462 0.71948404
vt 0.67848462 0.70355342
vt 0.68234860 0.72806206
vt 0.68234860 0.71213144
vt 0.68234860 0.71948404
vt 0.68234860 0.70355342
vt 0.68480716 0.69262618
vt 0.68480716 0.69262618
vt 0.68515868 0.68889212
vt 0.68515868 0.68889212
vt 0.69092663 0.71948404
vt 0.69092663 0.71213144
vt 0.69212511 0.61848561
vt 0.69212511 0.61848561
vt 0.69460292 0.71213144
vt 0.69460292 0.71948404
vt 0.70828849 0.69262618
vt 0.70828849 0.69262618
vt 0.70881210 0.68889212
vt 0.70881210 0.68889212
vt 0.72242008 0.61848561
vt 0.72242008 0.61848561
vt 0.72478919 0.61848561
vt 0.72478919 0.61848561
vt 0.73855149 0.68889212
vt 0.73855149 0.68889212
vt 0.73907511 0.69262618
vt 0.73907511 0.69262618
vt 0.75504785 0.61848561
vt 0.75504785 0.61848561
vt 0.76201428 0.68889212
vt 0.76201428 0.68889212
vt 0.76236581 0.69262618
vt 0.76236581 0.69262618
vt 0.78591351 0.69262618
vt 0.78591351 0.68889212
vt 0.78591351 0.61848561
vt 0.78591351 0.61848561
vt 0.78591351 0.68889212
vt 0.78591351 0.69262618
vt 0.80946121 0.69262618
vt 0.80946121 0.69262618
vt 0.80981273 0.68889212
vt 0.80981273 0.68889212
vt 0.81677917 0.61848561
vt 0.81677917 0.61848561
vt 0.83294254 0.69262618
vt 0.83294254 0.69262618
vt 0.83346616 0.68889212
vt 0.83346616 0.68889212
vt 0.84734647 0.61848561
vt 0.84734647 0.61848561
vt 0.84839136 0.61848561
vt 0.84839136 0.61848561
vt 0.86204009 0.68889212
vt 0.86204009 0.68889212
vt 0.86256371 0.69262618
vt 0.86256371 0.69262618
vt 0.87876817 0.61848561
vt 0.87876817 0.61848561
vt 0.88573460 0.68889212
vt 0.88573460 0.68889212
vt 0.88608612 0.69262618
vt 0.88608612 0.69262618
vt 0.90963383 0.69262618
vt 0.90963383 0.68889212
vt 0.90963383 0.61848561
vt 0.90963383 0.61848561
vt 0.90963383 0.68889212
vt 0.90963383 0.69262618
vt 0.93318153 0.69262618
vt 0.93318153 0.69262618
vt 0.93353305 0.68889212
vt 0.93353305 0.68889212
vt 0.94049949 0.61848561
vt 0.94049949 0.61848561
vt 0.95688996 0.69262618
vt 0.95688996 0.69262618
vt 0.95718050 0.68889212
vt 0.95718050 0.68889212
vt 0.97089347 0.61848561
vt 0.97089347 0.61848561
vt 0.98118867 0.61834615
vt 0.98118867 0.61834615
vt 0.98118867 0.61834615
vt 0.98118867 0.65039845
vt 0.98118867 0.65039845
vt 0.98118867 0.65039845
vt 0.98118867 0.65039845
vt 0.98118867 0.68165291
vt 0.98118867 0.68165291
vt 0.98118867 0.68165291
vt 0.98118867 0.69130976
vt 0.98118867 0.69130976
vt 0.98118867 0.69130976
vt 0.98118867 0.72336206
vt 0.98118867 0.72336206
vt 0.98118867 0.72336206
vt 0.98118867 0.75461653
vt 0.98118867 0.75461653
vt 0.98118867 0.75461653
vt 0.98118867 0.61834615
vt 0.98118867 0.61834615
vt 0.98118867 0.61834615
vt 0.98118867 0.61834615
vt 0.98118867 0.65039845
vt 0.98118867 0.65039845
vt 0.98118867 0.65039845
vt 0.98118867 0.68165291
vt 0.98118867 0.68165291
vt 0.98466635 0.69130976
vt 0.98466635 0.72288861
vt 0.98466635 0.75390682
vt 0.98466635 0.61834615
vt 0.98466635 0.61834615
vt 0.98466635 0.61834615
vt 0.98466635 0.61834615
vt 0.98466635 0.61834615
vt 0.98466635 0.64992500
vt 0.98466635 0.64992500
vt 0.98466635 0.64992500
vt 0.98466635 0.64992500
vt 0.98466635 0.68094321
vt 0.98466635 0.68094321
vt 0.98466635 0.68094321
vt 0.98466635 0.68094321
vt 0.98466635 0.68094321
vt 0.98466635 0.69130976
vt 0.98466635 0.69130976
vt 0.98466635 0.72288861
vt 0.98466635 0.72288861
vt 0.98466635 0.72288861
vt 0.98466635 0.75390682
vt 0.98466635 0.75390682
vt 0.98466635 0.75390682
vt 0.98850680 0.61834615
vt 0.98850680 0.61834615
vt 0.98850680 0.61834615
vt 0.98850680 0.61834615
vt 0.98850680 0.61834615
vt 0.98850680 0.64945168
vt 0.98850680 0.64945168
vt 0.98850680 0.64945168
vt 0.98850680 0.64945168
vt 0.98850680 0.67976809
vt 0.98850680 0.67976809
vt 0.98850680 0.67976809
vt 0.98850680 0.67976809
vt 0.98850680 0.69130976
vt 0.98850680 0.72241529
vt 0.98850680 0.75273171
vt 0.98850680 0.61834615
vt 0.98850680 0.61834615
vt 0.98850680 0.64945168
vt 0.98850680 0.64945168
vt 0.98850680 0.67976809
vt 0.98850680 0.67976809
vt 0.98850680 0.69130976
vt 0.98850680 0.69130976
vt 0.98850680 0.72241529
vt 0.98850680 0.72241529
vt 0.98850680 0.75273171
vt 0.98850680 0.75273171
vt 0.98850680 0.69130976
vt 0.98850680 0.72241529
vt 0.98850680 0.75273171
vn 0.14438527 -0.92609236 -0.34857687
vn 0.35440020 0.37729689 -0.85559778
vn -0.92387953 -3.4694470e-17 -0.38268343
vn 0.14438527 -0.92609236 -0.34857687
vn -0.92387953 -3.4694470e-17 -0.38268343
vn -0.14438527 0.92609236 0.34857687
vn 0.35440020 0.37729689 -0.85559778
vn -0.92387953 -3.4694470e-17 -0.38268343
vn -0.14438527 0.92609236 0.34857687
vn -0.92387953 -3.4694470e-17 -0.38268343
vn 0.14438527 -0.92609236 -0.34857687
vn 0.35440020 0.37729689 -0.85559778
vn 0.92387953 -6.9388939e-17 0.38268343
vn 0.14438527 -0.92609236 -0.34857687
vn 0.92387953 -6.9388939e-17 0.38268343
vn -0.14438527 0.92609236 0.34857687
vn 0.35440020 0.37729689 -0.85559778
vn 0.92387953 -6.9388939e-17 0.38268343
vn -0.14438527 0.92609236 0.34857687
vn 0.92387953 -6.9388939e-17 0.38268343
vn 0.0000000e+0 -1.00000000 0.0000000e+0
vn -0.38268343 0.0000000e+0 0.92387953
vn -0.92387953 0.0000000e+0 -0.38268343
vn 0.0000000e+0 -1.00000000 0.0000000e+0
vn 0.38268343 0.0000000e+0 -0.92387953
vn -0.92387953 0.0000000e+0 -0.38268343
vn 0.0000000e+0 1.00000000 0.0000000e+0
vn -0.38268343 0.0000000e+0 0.92387953
vn -0.92387953 0.0000000e+0 -0.38268343
vn 0.0000000e+0 1.00000000 0.0000000e+0
vn 0.38268343 0.0000000e+0 -0.92387953
vn -0.92387953 0.0000000e+0 -0.38268343
vn 0.0000000e+0 -1.00000000 0.0000000e+0
vn -0.38268343 0.0000000e+0 0.92387953
vn 0.92387953 0.0000000e+0 0.38268343
vn 0.0000000e+0 -1.00000000 0.0000000e+0
vn 0.38268343 0.0000000e+0 -0.92387953
vn 0.92387953 0.0000000e+0 0.38268343
vn 0.0000000e+0 1.00000000 0.0000000e+0
vn -0.38268343 0.0000000e+0 0.92387953
vn 0.92387953 0.0000000e+0 0.38268343
vn 0.0000000e+0 1.00000000 0.0000000e+0
vn 0.38268343 0.0000000e+0 -0.92387953
vn 0.92387953 0.0000000e+0 0.38268343
vn 0.0000000e+0 -1.00000000 0.0000000e+0
vn -0.38268343 0.0000000e+0 -0.92387953
vn -0.92387953 0.0000000e+0 0.38268343
vn 0.0000000e+0 -1.00000000 0.0000000e+0
vn 0.38268343 0.0000000e+0 0.92387953
vn -0.92387953 0.0000000e+0 0.38268343
vn 0.0000000e+0 1.00000000 0.0000000e+0
vn -0.38268343 0.0000000e+0 -0.92387953
vn -0.92387953 0.0000000e+0 0.38268343
vn 0.0000000e+0 1.00000000 0.0000000e+0
vn 0.38268343 0.0000000e+0 0.92387953
vn -0.92387953 0.0000000e+0 0.38268343
vn 0.0000000e+0 -1.00000000 0.0000000e+0
vn -0.38268343 0.0000000e+0 -0.92387953
vn 0.92387953 0.0000000e+0 -0.38268343
vn 0.0000000e+0 -1.00000000 0.0000000e+0
vn 0.38268343 0.0000000e+0 0.92387953
vn 0.92387953 0.0000000e+0 -0.38268343
vn 0.0000000e+0 1.00000000 0.0000000e+0
vn -0.38268343 0.0000000e+0 -0.92387953
vn 0.92387953 0.0000000e+0 -0.38268343
vn 0.0000000e+0 1.00000000 0.0000000e+0
vn 0.38268343 0.0000000e+0 0.92387953
vn 0.92387953 0.0000000e+0 -0.38268343
vn 0.0000000e+0 -1.00000000 0.0000000e+0
vn 0.38268343 0.0000000e+0 0.92387953
vn 0.92387953 0.0000000e+0 -0.38268343
vn 0.0000000e+0 -1.00000000 0.0000000e+0
vn -0.38268343 0.0000000e+0 -0.92387953
vn 0.92387953 0.0000000e+0 -0.38268343
vn 0.0000000e+0 1.00000000 0.0000000e+0
vn 0.38268343 0.0000000e+0 0.92387953
vn 0.92387953 0.0000000e+0 -0.38268343
vn 0.0000000e+0 1.00000000 0.0000000e+0
vn -0.38268343 0.0000000e+0 -0.92387953
vn 0.92387953 0.0000000e+0 -0.38268343
vn 0.0000000e+0 -1.00000000 0.0000000e+0
vn 0.38268343 0.0000000e+0 0.92387953
vn -0.92387953 0.0000000e+0 0.38268343
vn 0.0000000e+0 -1.00000000 0.0000000e+0
vn -0.38268343 0.0000000e+0 -0.92387953
vn -0.92387953 0.0000000e+0 0.38268343
vn 0.0000000e+0 1.00000000 0.0000000e+0
vn 0.38268343 0.0000000e+0 0.92387953
vn -0.92387953 0.0000000e+0 0.38268343
vn 0.0000000e+0 1.00000000 0.0000000e+0
vn -0.38268343 0.0000000e+0 -0.92387953
vn -0.92387953 0.0000000e+0 0.38268343
vn 0.0000000e+0 -1.00000000 0.0000000e+0
vn 0.38268343 0.0000000e+0 -0.92387953
vn 0.92387953 0.0000000e+0 0.38268343
vn 0.0000000e+0 -1.00000000 0.0000000e+0
vn -0.38268343 0.0000000e+0 0.92387953
vn 0.92387953 0.0000000e+0 0.38268343
vn 0.0000000e+0 1.00000000 0.0000000e+0
vn 0.38268343 0.0000000e+0 -0.92387953
vn 0.92387953 0.0000000e+0 0.38268343
vn 0.0000000e+0 1.00000000 0.0000000e+0
vn -0.38268343 0.0000000e+0 0.92387953
vn 0.92387953 0.0000000e+0 0.38268343
vn 0.0000000e+0 -1.00000000 0.0000000e+0
vn 0.38268343 0.0000000e+0 -0.92387953
vn -0.92387953 0.0000000e+0 -0.38268343
vn 0.0000000e+0 -1.00000000 0.0000000e+0
vn -0.38268343 0.0000000e+0 0.92387953
vn -0.92387953 0.0000000e+0 -0.38268343
vn 0.0000000e+0 1.00000000 0.0000000e+0
vn 0.38268343 0.0000000e+0 -0.92387953
vn -0.92387953 0.0000000e+0 -0.38268343
vn 0.0000000e+0 1.00000000 0.0000000e+0
vn -0.38268343 0.0000000e+0 0.92387953
vn -0.92387953 0.0000000e+0 -0.38268343
vn 0.92609236 0.37729689 -5.8718329e-16
vn 0.92609236 0.37729689 -5.8718329e-16
vn 1.00000000 0.0000000e+0 -2.0996308e-16
vn 1.00000000 0.0000000e+0 -2.0996308e-16
vn 0.89453653 0.37729689 0.23969034
vn 0.89453653 0.37729689 0.23969034
vn 0.96592583 0.0000000e+0 0.25881905
vn 0.96592583 0.0000000e+0 0.25881905
vn 0.80201951 0.37729689 0.46304618
vn 0.80201951 0.37729689 0.46304618
vn 0.86602540 0.0000000e+0 0.50000000
vn 0.86602540 0.0000000e+0 0.50000000
vn 0.65484619 0.37729689 0.65484619
vn 0.65484619 0.37729689 0.65484619
vn 0.70710678 0.0000000e+0 0.70710678
vn 0.70710678 0.0000000e+0 0.70710678
vn 0.46304618 0.37729689 0.80201951
vn 0.46304618 0.37729689 0.80201951
vn 0.50000000 0.0000000e+0 0.86602540
vn 0.50000000 0.0000000e+0 0.86602540
vn 0.23969034 0.37729689 0.89453653
vn 0.23969034 0.37729689 0.89453653
vn 0.25881905 0.0000000e+0 0.96592583
vn 0.25881905 0.0000000e+0 0.96592583
vn 6.7805689e-16 0.37729689 0.92609236
vn 6.7805689e-16 0.37729689 0.92609236
vn 3.9193108e-16 0.0000000e+0 1.00000000
vn 3.9193108e-16 0.0000000e+0 1.00000000
vn -0.23969034 0.37729689 0.89453653
vn -0.23969034 0.37729689 0.89453653
vn -0.25881905 0.0000000e+0 0.96592583
vn -0.25881905 0.0000000e+0 0.96592583
vn -0.46304618 0.37729689 0.80201951
vn -0.46304618 0.37729689 0.80201951
vn -0.50000000 0.0000000e+0 0.86602540
vn -0.50000000 0.0000000e+0 0.86602540
vn -0.65484619 0.37729689 0.65484619
vn -0.65484619 0.37729689 0.65484619
vn -0.70710678 0.0000000e+0 0.70710678
vn -0.70710678 0.0000000e+0 0.70710678
vn -0.80201951 0.37729689 0.46304618
vn -0.80201951 0.37729689 0.46304618
vn -0.86602540 0.0000000e+0 0.50000000
vn -0.86602540 0.0000000e+0 0.50000000
vn -0.89453653 0.37729689 0.23969034
vn -0.89453653 0.37729689 0.23969034
vn -0.96592583 0.0000000e+0 0.25881905
vn -0.96592583 0.0000000e+0 0.25881905
vn -0.92609236 0.37729689 5.0329996e-16
vn -0.92609236 0.37729689 5.0329996e-16
vn -1.00000000 0.0000000e+0 5.5990155e-16
vn -1.00000000 0.0000000e+0 5.5990155e-16
vn -0.89453653 0.37729689 -0.23969034
vn -0.89453653 0.37729689 -0.23969034
vn -0.96592583 0.0000000e+0 -0.25881905
vn -0.96592583 0.0000000e+0 -0.25881905
vn -0.80201951 0.37729689 -0.46304618
vn -0.80201951 0.37729689 -0.46304618
vn -0.86602540 0.0000000e+0 -0.50000000
vn -0.86602540 0.0000000e+0 -0.50000000
vn -0.65484619 0.37729689 -0.65484619
vn -0.65484619 0.37729689 -0.65484619
vn -0.70710678 0.0000000e+0 -0.70710678
vn -0.70710678 0.0000000e+0 -0.70710678
vn -0.46304618 0.37729689 -0.80201951
vn -0.46304618 0.37729689 -0.80201951
vn -0.50000000 0.0000000e+0 -0.86602540
vn -0.50000000 0.0000000e+0 -0.86602540
vn -0.23969034 0.37729689 -0.89453653
vn -0.23969034 0.37729689 -0.89453653
vn -0.25881905 0.0000000e+0 -0.96592583
vn -0.25881905 0.0000000e+0 -0.96592583
vn -6.0116384e-16 0.37729689 -0.92609236
vn -6.0116384e-16 0.37729689 -0.92609236
vn -4.4792124e-16 0.0000000e+0 -1.00000000
vn -4.4792124e-16 0.0000000e+0 -1.00000000
vn 0.23969034 0.37729689 -0.89453653
vn 0.23969034 0.37729689 -0.89453653
vn 0.25881905 0.0000000e+0 -0.96592583
vn 0.25881905 0.0000000e+0 -0.96592583
vn 0.46304618 0.37729689 -0.80201951
vn 0.46304618 0.37729689 -0.80201951
vn 0.50000000 0.0000000e+0 -0.86602540
vn 0.50000000 0.0000000e+0 -0.86602540
vn 0.65484619 0.37729689 -0.65484619
vn 0.65484619 0.37729689 -0.65484619
vn 0.70710678 0.0000000e+0 -0.70710678
vn 0.70710678 0.0000000e+0 -0.70710678
vn 0.80201951 0.37729689 -0.46304618
vn 0.80201951 0.37729689 -0.46304618
vn 0.86602540 0.0000000e+0 -0.50000000
vn 0.86602540 0.0000000e+0 -0.50000000
vn 0.89453653 0.37729689 -0.23969034
vn 0.89453653 0.37729689 -0.23969034
vn 0.96592583 0.0000000e+0 -0.25881905
vn 0.96592583 0.0000000e+0 -0.25881905
vn 1.00000000 0.0000000e+0 -1.2597785e-16
vn 1.00000000 0.0000000e+0 -1.2597785e-16
vn 0.0000000e+0 1.00000000 0.0000000e+0
vn 0.0000000e+0 1.00000000 0.0000000e+0
vn 0.96592583 0.0000000e+0 0.25881905
vn 0.96592583 0.0000000e+0 0.25881905
vn 0.0000000e+0 1.00000000 0.0000000e+0
vn 0.0000000e+0 1.00000000 0.0000000e+0
vn 0.86602540 0.0000000e+0 0.50000000
vn 0.86602540 0.0000000e+0 0.50000000
vn 0.0000000e+0 1.00000000 0.0000000e+0
vn 0.0000000e+0 1.00000000 0.0000000e+0
vn 0.70710678 0.0000000e+0 0.70710678
vn 0.70710678 0.0000000e+0 0.70710678
vn 0.0000000e+0 1.00000000 0.0000000e+0
vn 0.0000000e+0 1.00000000 0.0000000e+0
vn 0.50000000 0.0000000e+0 0.86602540
vn 0.50000000 0.0000000e+0 0.86602540
vn 0.0000000e+0 1.00000000 0.0000000e+0
vn 0.0000000e+0 1.00000000 0.0000000e+0
vn 0.25881905 0.0000000e+0 0.96592583
vn 0.25881905 0.0000000e+0 0.96592583
vn 0.0000000e+0 1.00000000 0.0000000e+0
vn 0.0000000e+0 1.00000000 0.0000000e+0
vn 2.7995077e-16 0.0000000e+0 1.00000000
vn 2.7995077e-16 0.0000000e+0 1.00000000
vn 0.0000000e+0 1.00000000 0.0000000e+0
vn 0.0000000e+0 1.00000000 0.0000000e+0
vn -0.25881905 0.0000000e+0 0.96592583
vn -0.25881905 0.0000000e+0 0.96592583
vn 0.0000000e+0 1.00000000 0.0000000e+0
vn 0.0000000e+0 1.00000000 0.0000000e+0
vn -0.50000000 0.0000000e+0 0.86602540
vn -0.50000000 0.0000000e+0 0.86602540
vn 0.0000000e+0 1.00000000 0.0000000e+0
vn 0.0000000e+0 1.00000000 0.0000000e+0
vn -0.70710678 0.0000000e+0 0.70710678
vn -0.70710678 0.0000000e+0 0.70710678
vn 0.0000000e+0 1.00000000 0.0000000e+0
vn 0.0000000e+0 1.00000000 0.0000000e+0
vn -0.86602540 0.0000000e+0 0.50000000
vn -0.86602540 0.0000000e+0 0.50000000
vn 0.0000000e+0 1.00000000 0.0000000e+0
vn 0.0000000e+0 1.00000000 0.0000000e+0
vn -0.96592583 0.0000000e+0 0.25881905
vn -0.96592583 0.0000000e+0 0.25881905
vn 0.0000000e+0 1.00000000 0.0000000e+0
vn 0.0000000e+0 1.00000000 0.0000000e+0
vn -1.00000000 0.0000000e+0 5.8789663e-16
vn -1.00000000 0.0000000e+0 5.8789663e-16
vn 0.0000000e+0 1.00000000 0.0000000e+0
vn 0.0000000e+0 1.00000000 0.0000000e+0
vn -0.96592583 0.0000000e+0 -0.25881905
vn -0.96592583 0.0000000e+0 -0.25881905
vn 0.0000000e+0 1.00000000 0.0000000e+0
vn 0.0000000e+0 1.00000000 0.0000000e+0
vn -0.86602540 0.0000000e+0 -0.50000000
vn -0.86602540 0.0000000e+0 -0.50000000
vn 0.0000000e+0 1.00000000 0.0000000e+0
vn 0.0000000e+0 1.00000000 0.0000000e+0
vn -0.70710678 0.0000000e+0 -0.70710678
vn -0.70710678 0.0000000e+0 -0.70710678
vn 0.0000000e+0 1.00000000 0.0000000e+0
vn 0.0000000e+0 1.00000000 0.0000000e+0
vn -0.50000000 0.0000000e+0 -0.86602540
vn -0.50000000 0.0000000e+0 -0.86602540
vn 0.0000000e+0 1.00000000 0.0000000e+0
vn 0.0000000e+0 1.00000000 0.0000000e+0
vn -0.25881905 0.0000000e+0 -0.96592583
vn -0.25881905 0.0000000e+0 -0.96592583
vn 0.0000000e+0 1.00000000 0.0000000e+0
vn 0.0000000e+0 1.00000000 0.0000000e+0
vn -4.7591632e-16 0.0000000e+0 -1.00000000
vn -4.7591632e-16 0.0000000e+0 -1.00000000
vn 0.0000000e+0 1.00000000 0.0000000e+0
vn 0.0000000e+0 1.00000000 0.0000000e+0
vn 0.25881905 0.0000000e+0 -0.96592583
vn 0.25881905 0.0000000e+0 -0.96592583
vn 0.0000000e+0 1.00000000 0.0000000e+0
vn 0.0000000e+0 1.00000000 0.0000000e+0
vn 0.50000000 0.0000000e+0 -0.86602540
vn 0.50000000 0.0000000e+0 -0.86602540
vn 0.0000000e+0 1.00000000 0.0000000e+0
vn 0.0000000e+0 1.00000000 0.0000000e+0
vn 0.70710678 0.0000000e+0 -0.70710678
vn 0.70710678 0.0000000e+0 -0.70710678
vn 0.0000000e+0 1.00000000 0.0000000e+0
vn 0.0000000e+0 1.00000000 0.0000000e+0
vn 0.86602540 0.0000000e+0 -0.50000000
vn 0.86602540 0.0000000e+0 -0.50000000
vn 0.0000000e+0 1.00000000 0.0000000e+0
vn 0.0000000e+0 1.00000000 0.0000000e+0
vn 0.96592583 0.0000000e+0 -0.25881905
vn 0.96592583 0.0000000e+0 -0.25881905
vn 0.0000000e+0 1.00000000 0.0000000e+0
vn 0.0000000e+0 1.00000000 0.0000000e+0
vn 1.00000000 0.0000000e+0 -1.2597785e-16
vn 1.00000000 0.0000000e+0 -1.2597785e-16
vn 0.96592583 0.0000000e+0 0.25881905
vn 0.96592583 0.0000000e+0 0.25881905
vn 0.86602540 0.0000000e+0 0.50000000
vn 0.86602540 0.0000000e+0 0.50000000
vn 0.70710678 0.0000000e+0 0.70710678
vn 0.70710678 0.0000000e+0 0.70710678
vn 0.50000000 0.0000000e+0 0.86602540
vn 0.50000000 0.0000000e+0 0.86602540
vn 0.25881905 0.0000000e+0 0.96592583
vn 0.25881905 0.0000000e+0 0.96592583
vn 2.7995077e-16 0.0000000e+0 1.00000000
vn 2.7995077e-16 0.0000000e+0 1.00000000
vn -0.25881905 0.0000000e+0 0.96592583
vn -0.25881905 0.0000000e+0 0.96592583
vn -0.50000000 0.0000000e+0 0.86602540
vn -0.50000000 0.0000000e+0 0.86602540
vn -0.70710678 0.0000000e+0 0.70710678
vn -0.70710678 0.0000000e+0 0.70710678
vn -0.86602540 0.0000000e+0 0.50000000
vn -0.86602540 0.0000000e+0 0.50000000
vn -0.96592583 0.0000000e+0 0.25881905
vn -0.96592583 0.0000000e+0 0.25881905
vn -1.00000000 0.0000000e+0 5.8789663e-16
vn -1.00000000 0.0000000e+0 5.8789663e-16
vn -0.96592583 0.0000000e+0 -0.25881905
vn -0.96592583 0.0000000e+0 -0.25881905
vn -0.86602540 0.0000000e+0 -0.50000000
vn -0.86602540 0.0000000e+0 -0.50000000
vn -0.70710678 0.0000000e+0 -0.70710678
vn -0.70710678 0.0000000e+0 -0.70710678
vn -0.50000000 0.0000000e+0 -0.86602540
vn -0.50000000 0.0000000e+0 -0.86602540
vn -0.25881905 0.0000000e+0 -0.96592583
vn -0.25881905 0.0000000e+0 -0.96592583
vn -4.7591632e-16 0.0000000e+0 -1.00000000
vn -4.7591632e-16 0.0000000e+0 -1.00000000
vn 0.25881905 0.0000000e+0 -0.96592583
vn 0.25881905 0.0000000e+0 -0.96592583
vn 0.50000000 0.0000000e+0 -0.86602540
vn 0.50000000 0.0000000e+0 -0.86602540
vn 0.70710678 0.0000000e+0 -0.70710678
vn 0.70710678 0.0000000e+0 -0.70710678
vn 0.86602540 0.0000000e+0 -0.50000000
vn 0.86602540 0.0000000e+0 -0.50000000
vn 0.96592583 0.0000000e+0 -0.25881905
vn 0.96592583 0.0000000e+0 -0.25881905
vn 0.96592583 0.0000000e+0 0.25881905
vn 0.96592583 0.0000000e+0 0.25881905
vn 1.00000000 0.0000000e+0 -2.0996308e-16
vn 1.00000000 0.0000000e+0 -2.0996308e-16
vn 0.96592583 0.0000000e+0 -0.25881905
vn 0.96592583 0.0000000e+0 -0.25881905
vn 0.86602540 0.0000000e+0 -0.50000000
vn 0.86602540 0.0000000e+0 -0.50000000
vn 0.70710678 0.0000000e+0 -0.70710678
vn 0.70710678 0.0000000e+0 -0.70710678
vn 0.50000000 0.0000000e+0 -0.86602540
vn 0.50000000 0.0000000e+0 -0.86602540
vn 0.25881905 0.0000000e+0 -0.96592583
vn 0.25881905 0.0000000e+0 -0.96592583
vn -4.4792124e-16 0.0000000e+0 -1.00000000
vn -4.4792124e-16 0.0000000e+0 -1.00000000
vn -0.25881905 0.0000000e+0 -0.96592583
vn -0.25881905 0.0000000e+0 -0.96592583
vn -0.50000000 0.0000000e+0 -0.86602540
vn -0.50000000 0.0000000e+0 -0.86602540
vn -0.70710678 0.0000000e+0 -0.70710678
vn -0.70710678 0.0000000e+0 -0.70710678
vn -0.86602540 0.0000000e+0 -0.50000000
vn -0.86602540 0.0000000e+0 -0.50000000
vn -0.96592583 0.0000000e+0 -0.25881905
vn -0.96592583 0.0000000e+0 -0.25881905
vn -1.00000000 0.0000000e+0 5.5990155e-16
vn -1.00000000 0.0000000e+0 5.5990155e-16
vn -0.96592583 0.0000000e+0 0.25881905
vn -0.96592583 0.0000000e+0 0.25881905
vn -0.86602540 0.0000000e+0 0.50000000
vn -0.86602540 0.0000000e+0 0.50000000
vn -0.70710678 0.0000000e+0 0.70710678
vn -0.70710678 0.0000000e+0 0.70710678
vn -0.50000000 0.0000000e+0 0.86602540
vn -0.50000000 0.0000000e+0 0.86602540
vn -0.25881905 0.0000000e+0 0.96592583
vn -0.25881905 0.0000000e+0 0.96592583
vn 3.9193108e-16 0.0000000e+0 1.00000000
vn 3.9193108e-16 0.0000000e+0 1.00000000
vn 0.25881905 0.0000000e+0 0.96592583
vn 0.25881905 0.0000000e+0 0.96592583
vn 0.50000000 0.0000000e+0 0.86602540
vn 0.50000000 0.0000000e+0 0.86602540
vn 0.70710678 0.0000000e+0 0.70710678
vn 0.70710678 0.0000000e+0 0.70710678
vn 0.86602540 0.0000000e+0 0.50000000
vn 0.86602540 0.0000000e+0 0.50000000
vn 0.89453653 0.37729689 -0.23969034
vn 0.89453653 0.37729689 -0.23969034
vn 0.0000000e+0 1.00000000 0.0000000e+0
vn 0.0000000e+0 1.00000000 0.0000000e+0
vn 0.80201951 0.37729689 -0.46304618
vn 0.80201951 0.37729689 -0.46304618
vn 0.0000000e+0 1.00000000 0.0000000e+0
vn 0.0000000e+0 1.00000000 0.0000000e+0
vn 0.65484619 0.37729689 -0.65484619
vn 0.65484619 0.37729689 -0.65484619
vn 0.0000000e+0 1.00000000 0.0000000e+0
vn 0.0000000e+0 1.00000000 0.0000000e+0
vn 0.46304618 0.37729689 -0.80201951
vn 0.46304618 0.37729689 -0.80201951
vn 0.0000000e+0 1.00000000 0.0000000e+0
vn 0.0000000e+0 1.00000000 0.0000000e+0
vn 0.23969034 0.37729689 -0.89453653
vn 0.23969034 0.37729689 -0.89453653
vn 0.0000000e+0 1.00000000 0.0000000e+0
vn 0.0000000e+0 1.00000000 0.0000000e+0
vn -6.0116384e-16 0.37729689 -0.92609236
vn -6.0116384e-16 0.37729689 -0.92609236
vn 0.0000000e+0 1.00000000 0.0000000e+0
vn 0.0000000e+0 1.00000000 0.0000000e+0
vn -0.23969034 0.37729689 -0.89453653
vn -0.23969034 0.37729689 -0.89453653
vn 0.0000000e+0 1.00000000 0.0000000e+0
vn 0.0000000e+0 1.00000000 0.0000000e+0
vn -0.46304618 0.37729689 -0.80201951
vn -0.46304618 0.37729689 -0.80201951
vn 0.0000000e+0 1.00000000 0.0000000e+0
vn 0.0000000e+0 1.00000000 0.0000000e+0
vn -0.65484619 0.37729689 -0.65484619
vn -0.65484619 0.37729689 -0.65484619
vn 0.0000000e+0 1.00000000 0.0000000e+0
vn 0.0000000e+0 1.00000000 0.0000000e+0
vn -0.80201951 0.37729689 -0.46304618
vn -0.80201951 0.37729689 -0.46304618
vn 0.0000000e+0 1.00000000 0.0000000e+0
vn 0.0000000e+0 1.00000000 0.0000000e+0
vn -0.89453653 0.37729689 -0.23969034
vn -0.89453653 0.37729689 -0.23969034
vn 0.0000000e+0 1.00000000 0.0000000e+0
vn 0.0000000e+0 1.00000000 0.0000000e+0
vn -0.92609236 0.37729689 5.0329996e-16
vn -0.92609236 0.37729689 5.0329996e-16
vn 0.0000000e+0 1.00000000 0.0000000e+0
vn 0.0000000e+0 1.00000000 0.0000000e+0
vn -0.89453653 0.37729689 0.23969034
vn -0.89453653 0.37729689 0.23969034
vn 0.0000000e+0 1.00000000 0.0000000e+0
vn 0.0000000e+0 1.00000000 0.0000000e+0
vn -0.80201951 0.37729689 0.46304618
vn -0.80201951 0.37729689 0.46304618
vn 0.0000000e+0 1.00000000 0.0000000e+0
vn 0.0000000e+0 1.00000000 0.0000000e+0
vn -0.65484619 0.37729689 0.65484619
vn -0.65484619 0.37729689 0.65484619
vn 0.0000000e+0 1.00000000 0.0000000e+0
vn 0.0000000e+0 1.00000000 0.0000000e+0
vn -0.46304618 0.37729689 0.80201951
vn -0.46304618 0.37729689 0.80201951
vn 0.0000000e+0 1.00000000 0.0000000e+0
vn 0.0000000e+0 1.00000000 0.0000000e+0
vn -0.23969034 0.37729689 0.89453653
vn -0.23969034 0.37729689 0.89453653
vn 0.0000000e+0 1.00000000 0.0000000e+0
vn 0.0000000e+0 1.00000000 0.0000000e+0
vn 6.7805689e-16 0.37729689 0.92609236
vn 6.7805689e-16 0.37729689 0.92609236
vn 0.0000000e+0 1.00000000 0.0000000e+0
vn 0.0000000e+0 1.00000000 0.0000000e+0
vn 0.23969034 0.37729689 0.89453653
vn 0.23969034 0.37729689 0.89453653
vn 0.0000000e+0 1.00000000 0.0000000e+0
vn 0.0000000e+0 1.00000000 0.0000000e+0
vn 0.46304618 0.37729689 0.80201951
vn 0.46304618 0.37729689 0.80201951
vn 0.0000000e+0 1.00000000 0.0000000e+0
vn 0.0000000e+0 1.00000000 0.0000000e+0
vn 0.65484619 0.37729689 0.65484619
vn 0.65484619 0.37729689 0.65484619
vn 0.0000000e+0 1.00000000 0.0000000e+0
vn 0.0000000e+0 1.00000000 0.0000000e+0
vn 0.80201951 0.37729689 0.46304618
vn 0.80201951 0.37729689 0.46304618
vn 0.0000000e+0 1.00000000 0.0000000e+0
vn 0.0000000e+0 1.00000000 0.0000000e+0
vn 0.89453653 0.37729689 0.23969034
vn 0.89453653 0.37729689 0.23969034
vn 0.0000000e+0 1.00000000 0.0000000e+0
vn 0.0000000e+0 1.00000000 0.0000000e+0
vn 0.92609236 0.37729689 -5.8718329e-16
vn 0.92609236 0.37729689 -5.8718329e-16
vn 0.0000000e+0 1.00000000 0.0000000e+0
vn 0.0000000e+0 1.00000000 0.0000000e+0
vn -0.22968379 -0.92609236 0.29932975
vn -0.56376931 0.37729689 0.73471847
vn 0.79335334 -1.2143064e-15 0.60876143
vn -0.22968379 -0.92609236 0.29932975
vn 0.79335334 -1.2143064e-15 0.60876143
vn 0.22968379 0.92609236 -0.29932975
vn -0.56376931 0.37729689 0.73471847
vn 0.79335334 -1.2143064e-15 0.60876143
vn 0.22968379 0.92609236 -0.29932975
vn 0.79335334 -1.2143064e-15 0.60876143
vn -0.22968379 -0.92609236 0.29932975
vn -0.56376931 0.37729689 0.73471847
vn -0.79335334 -5.7245875e-16 -0.60876143
vn -0.22968379 -0.92609236 0.29932975
vn -0.79335334 -5.7245875e-16 -0.60876143
vn 0.22968379 0.92609236 -0.29932975
vn -0.56376931 0.37729689 0.73471847
vn -0.79335334 -5.7245875e-16 -0.60876143
vn 0.22968379 0.92609236 -0.29932975
vn -0.79335334 -5.7245875e-16 -0.60876143
vn -0.14438527 -0.92609236 0.34857687
vn -0.35440020 0.37729689 0.85559778
vn 0.92387953 -3.4694470e-17 0.38268343
vn -0.14438527 -0.92609236 0.34857687
vn 0.92387953 -3.4694470e-17 0.38268343
vn 0.14438527 0.92609236 -0.34857687
vn -0.35440020 0.37729689 0.85559778
vn 0.92387953 -3.4694470e-17 0.38268343
vn 0.14438527 0.92609236 -0.34857687
vn 0.92387953 -3.4694470e-17 0.38268343
vn -0.14438527 -0.92609236 0.34857687
vn -0.35440020 0.37729689 0.85559778
vn -0.92387953 -6.9388939e-17 -0.38268343
vn -0.14438527 -0.92609236 0.34857687
vn -0.92387953 -6.9388939e-17 -0.38268343
vn 0.14438527 0.92609236 -0.34857687
vn -0.35440020 0.37729689 0.85559778
vn -0.92387953 -6.9388939e-17 -0.38268343
vn 0.14438527 0.92609236 -0.34857687
vn -0.92387953 -6.9388939e-17 -0.38268343
vn 0.22968379 -0.92609236 -0.29932975
vn 0.56376931 0.37729689 -0.73471847
vn -0.79335334 -1.2143064e-15 -0.60876143
vn 0.22968379 -0.92609236 -0.29932975
vn -0.79335334 -1.2143064e-15 -0.60876143
vn -0.22968379 0.92609236 0.29932975
vn 0.56376931 0.37729689 -0.73471847
vn -0.79335334 -1.2143064e-15 -0.60876143
vn -0.22968379 0.92609236 0.29932975
vn -0.79335334 -1.2143064e-15 -0.60876143
vn 0.22968379 -0.92609236 -0.29932975
vn 0.56376931 0.37729689 -0.73471847
vn 0.79335334 -5.7245875e-16 0.60876143
vn 0.22968379 -0.92609236 -0.29932975
vn 0.79335334 -5.7245875e-16 0.60876143
vn -0.22968379 0.92609236 0.29932975
vn 0.56376931 0.37729689 -0.73471847
vn 0.79335334 -5.7245875e-16 0.60876143
vn -0.22968379 0.92609236 0.29932975
vn 0.79335334 -5.7245875e-16 0.60876143
g 1_1_auv
usemtl 1_auv
s 1
f 1/51/1 5/16/11 6/15/14 2/50/4
f 4/52/9 8/17/19 7/14/16 3/49/6
f 10/71/24 14/69/36 13/65/33 9/67/21
f 11/66/27 15/68/39 16/72/42 12/70/30
f 17/67/45 21/65/57 22/69/60 18/71/48
f 20/70/54 24/72/66 23/68/63 19/66/51
f 26/71/74 28/70/80 27/66/77 25/67/71
f 29/82/83 31/81/89 32/78/92 30/77/86
f 34/71/96 38/69/108 37/65/105 33/67/93
f 35/66/99 39/68/111 40/72/114 36/70/102
f 41/62/117 160/59/497 137/80/405 64/76/209
f 42/12/122 159/7/494 160/59/498 41/62/118
f 43/3/126 158/1/490 159/7/493 42/12/121
f 44/140/130 157/142/486 158/148/489 43/146/125
f 45/135/134 156/134/482 157/142/485 44/140/129
f 46/128/138 155/126/478 156/134/481 45/135/133
f 47/122/142 154/120/474 155/126/477 46/128/137
f 48/110/146 153/111/470 154/118/473 47/116/141
f 49/102/150 152/103/466 153/111/469 48/110/145
f 50/98/154 151/96/462 152/103/465 49/102/149
f 51/92/158 150/90/458 151/96/461 50/98/153
f 52/75/162 149/79/454 150/87/457 51/85/157
f 53/61/166 148/60/450 149/79/453 52/75/161
f 54/13/170 147/7/446 148/60/449 53/61/165
f 55/4/174 146/2/442 147/7/445 54/13/169
f 56/139/178 145/141/438 146/147/441 55/145/173
f 57/132/182 144/133/434 145/141/437 56/139/177
f 58/127/186 143/125/430 144/133/433 57/132/181
f 59/121/190 142/119/426 143/125/429 58/127/185
f 60/109/194 141/112/422 142/117/425 59/115/189
f 61/105/198 140/104/418 141/112/421 60/109/193
f 62/97/202 139/95/414 140/104/417 61/105/197
f 63/91/206 138/89/410 139/95/413 62/97/201
f 64/76/210 137/80/406 138/88/409 63/86/205
f 163/27/507 167/37/517 165/34/512 161/28/502
f 170/53/525 172/54/530 171/47/528 169/46/523
f 173/21/533 175/18/538 176/10/540 174/11/535
f 177/31/541 181/34/551 182/40/554 178/32/544
f 180/33/549 184/36/559 183/39/556 179/30/546
s 2
f 2/55/5 4/56/10 3/49/8 1/51/3
f 5/16/13 7/14/18 8/9/20 6/8/15
f 9/67/23 11/66/29 12/70/32 10/71/26
f 14/77/38 16/78/44 15/81/41 13/82/35
f 18/71/50 20/70/56 19/66/53 17/67/47
f 21/82/59 23/81/65 24/78/68 22/77/62
f 25/67/69 29/65/81 30/69/84 26/71/72
f 28/70/78 32/72/90 31/68/87 27/66/75
f 33/67/94 37/63/106 39/64/112 35/66/100
f 36/70/103 40/78/115 38/77/109 34/71/97
f 41/62/119 114/58/359 113/23/357 42/12/123
f 42/12/124 113/23/358 136/6/404 43/3/128
f 43/146/127 136/144/403 135/138/402 44/140/132
f 44/140/131 135/138/401 134/136/400 45/135/136
f 45/135/135 134/136/399 133/130/398 46/128/140
f 46/128/139 133/130/397 132/124/396 47/122/144
f 47/116/143 132/114/395 131/108/394 48/110/148
f 48/110/147 131/108/393 130/106/392 49/102/152
f 49/102/151 130/106/391 129/100/390 50/98/156
f 50/98/155 129/100/389 128/94/388 51/92/160
f 51/85/159 128/83/387 127/73/386 52/75/164
f 52/75/163 127/73/385 126/57/384 53/61/168
f 53/61/167 126/57/383 125/22/382 54/13/172
f 54/13/171 125/22/381 124/5/380 55/4/176
f 55/145/175 124/143/379 123/137/378 56/139/180
f 56/139/179 123/137/377 122/131/376 57/132/184
f 57/132/183 122/131/375 121/129/374 58/127/188
f 58/127/187 121/129/373 120/123/372 59/121/192
f 59/115/191 120/113/371 119/107/370 60/109/196
f 60/109/195 119/107/369 118/101/368 61/105/200
f 61/105/199 118/101/367 117/99/366 62/97/204
f 62/97/203 117/99/365 116/93/364 63/91/208
f 63/86/207 116/84/363 115/74/362 64/76/212
f 64/76/211 115/74/361 114/58/360 41/62/120
f 65/194/214 89/159/310 112/162/356 88/196/306
f 66/198/217 90/164/311 89/159/309 65/194/213
f 67/201/221 91/166/313 90/164/312 66/198/218
f 68/187/225 92/174/315 91/176/314 67/191/222
f 69/181/229 93/169/317 92/174/316 68/187/226
f 70/185/233 94/172/319 93/168/318 69/180/230
f 71/193/237 95/176/321 94/172/320 70/185/234
f 72/188/241 96/154/323 95/158/322 71/193/238
f 73/180/245 97/149/325 96/154/324 72/188/242
f 74/185/249 98/152/327 97/149/326 73/180/246
f 75/193/253 99/158/329 98/152/328 74/185/250
f 76/197/257 100/163/331 99/165/330 75/199/254
f 77/195/261 101/161/333 100/163/332 76/197/258
f 78/178/265 102/162/335 101/160/334 77/177/262
f 79/179/269 103/165/337 102/162/336 78/178/266
f 80/187/273 104/155/339 103/156/338 79/192/270
f 81/182/277 105/151/341 104/155/340 80/187/274
f 82/186/281 106/153/343 105/150/342 81/181/278
f 83/192/285 107/157/345 106/153/344 82/186/282
f 84/185/289 108/173/347 107/175/346 83/189/286
f 85/184/293 109/171/349 108/173/348 84/185/290
f 86/188/297 110/174/351 109/170/350 85/183/294
f 87/190/301 111/175/353 110/174/352 86/188/298
f 88/196/305 112/162/355 111/167/354 87/200/302
f 161/28/501 165/34/511 166/38/514 162/32/504
f 164/29/509 168/35/519 167/37/516 163/27/506
f 171/47/527 175/18/537 173/21/532 169/46/522
f 179/30/547 183/39/557 181/34/552 177/31/542
s 3
f 3/49/7 7/14/17 5/16/12 1/51/2
f 9/67/22 13/63/34 15/64/40 11/66/28
f 12/70/31 16/78/43 14/77/37 10/71/25
f 18/71/49 22/77/61 24/78/67 20/70/55
f 19/66/52 23/64/64 21/63/58 17/67/46
f 26/71/73 30/77/85 32/78/91 28/70/79
f 27/66/76 31/64/88 29/63/82 25/67/70
f 33/67/95 35/66/101 36/70/104 34/71/98
f 38/77/110 40/78/116 39/81/113 37/82/107
f 65/194/216 160/224/500 159/227/496 66/198/220
f 66/198/219 159/227/495 158/229/492 67/201/224
f 67/191/223 158/213/491 157/209/488 68/187/228
f 68/187/227 157/209/487 156/203/484 69/181/232
f 69/180/231 156/202/483 155/207/480 70/185/236
f 70/185/235 155/207/479 154/213/476 71/193/240
f 71/193/239 154/222/475 153/221/472 72/188/244
f 72/188/243 153/221/471 152/219/468 73/180/248
f 73/180/247 152/218/467 151/220/464 74/185/252
f 74/185/251 151/220/463 150/223/460 75/193/256
f 75/199/255 150/228/459 149/226/456 76/197/260
