# Exported from Wings 3D 1.5.4
mtllib big adapter_naked.mtl
o 1
#384 vertices, 286 faces
v 0.30022516 0.13384543 -0.98612025
v 0.29136516 0.12441301 -0.96473031
v 0.28217700 0.24960698 -0.94254814
v 0.27331700 0.24017455 -0.92115820
v 0.48500107 0.13384543 -0.90958356
v 0.47614106 0.12441301 -0.88819362
v 0.46695291 0.24960698 -0.86601146
v 0.45809290 0.24017455 -0.84462151
v -1.17524182 -0.36250000 -0.46650625
v -1.16089119 -0.36250000 -0.50115173
v -1.17524182 -0.28750000 -0.46650625
v -1.16089119 -0.28750000 -0.50115173
v -1.09440236 -0.36250000 -0.43302145
v -1.08005173 -0.36250000 -0.46766693
v -1.09440236 -0.28750000 -0.43302145
v -1.08005173 -0.28750000 -0.46766693
v -1.17524182 -0.36250000 0.46650625
v -1.16089119 -0.36250000 0.50115173
v -1.17524182 -0.28750000 0.46650625
v -1.16089119 -0.28750000 0.50115173
v -1.09440236 -0.36250000 0.43302145
v -1.08005173 -0.36250000 0.46766693
v -1.09440236 -0.28750000 0.43302145
v -1.08005173 -0.28750000 0.46766693
v 1.17524182 -0.36250000 -0.46650625
v 1.16089119 -0.36250000 -0.50115173
v 1.17524182 -0.28750000 -0.46650625
v 1.16089119 -0.28750000 -0.50115173
v 1.09440236 -0.36250000 -0.43302145
v 1.08005173 -0.36250000 -0.46766693
v 1.09440236 -0.28750000 -0.43302145
v 1.08005173 -0.28750000 -0.46766693
v 1.17524182 -0.36250000 0.46650625
v 1.16089119 -0.36250000 0.50115173
v 1.17524182 -0.28750000 0.46650625
v 1.16089119 -0.28750000 0.50115173
v 1.09440236 -0.36250000 0.43302145
v 1.08005173 -0.36250000 0.46766693
v 1.09440236 -0.28750000 0.43302145
v 1.08005173 -0.28750000 0.46766693
v 0.93750000 0.33750000 1.5872165e-17
v 0.90555546 0.33750000 0.24264285
v 0.81189882 0.33750000 0.46875000
v 0.66291261 0.33750000 0.66291261
v 0.46875000 0.33750000 0.81189882
v 0.24264285 0.33750000 0.90555546
v 0.0000000e+0 0.33750000 0.93750000
v -0.24264285 0.33750000 0.90555546
v -0.46875000 0.33750000 0.81189882
v -0.66291261 0.33750000 0.66291261
v -0.81189882 0.33750000 0.46875000
v -0.90555546 0.33750000 0.24264285
v -0.93750000 0.33750000 1.3068280e-16
v -0.90555546 0.33750000 -0.24264285
v -0.81189882 0.33750000 -0.46875000
v -0.66291261 0.33750000 -0.66291261
v -0.46875000 0.33750000 -0.81189882
v -0.24264285 0.33750000 -0.90555546
v 0.0000000e+0 0.33750000 -0.93750000
v 0.24264285 0.33750000 -0.90555546
v 0.46875000 0.33750000 -0.81189882
v 0.66291261 0.33750000 -0.66291261
v 0.81189882 0.33750000 -0.46875000
v 0.90555546 0.33750000 -0.24264285
v 1.25000000 -0.33750000 6.6686679e-18
v 1.20740728 -0.33750000 0.32352381
v 1.08253175 -0.33750000 0.62500000
v 0.88388348 -0.33750000 0.88388348
v 0.62500000 -0.33750000 1.08253175
v 0.32352381 -0.33750000 1.20740728
v 0.0000000e+0 -0.33750000 1.25000000
v -0.32352381 -0.33750000 1.20740728
v -0.62500000 -0.33750000 1.08253175
v -0.88388348 -0.33750000 0.88388348
v -1.08253175 -0.33750000 0.62500000
v -1.20740728 -0.33750000 0.32352381
v -1.25000000 -0.33750000 1.5974952e-16
v -1.20740728 -0.33750000 -0.32352381
v -1.08253175 -0.33750000 -0.62500000
v -0.88388348 -0.33750000 -0.88388348
v -0.62500000 -0.33750000 -1.08253175
v -0.32352381 -0.33750000 -1.20740728
v 0.0000000e+0 -0.33750000 -1.25000000
v 0.32352381 -0.33750000 -1.20740728
v 0.62500000 -0.33750000 -1.08253175
v 0.88388348 -0.33750000 -0.88388348
v 1.08253175 -0.33750000 -0.62500000
v 1.20740728 -0.33750000 -0.32352381
v 1.25000000 -0.37500000 6.1592811e-18
v 1.20740728 -0.37500000 0.32352381
v 1.08253175 -0.37500000 0.62500000
v 0.88388348 -0.37500000 0.88388348
v 0.62500000 -0.37500000 1.08253175
v 0.32352381 -0.37500000 1.20740728
v 0.0000000e+0 -0.37500000 1.25000000
v -0.32352381 -0.37500000 1.20740728
v -0.62500000 -0.37500000 1.08253175
v -0.88388348 -0.37500000 0.88388348
v -1.08253175 -0.37500000 0.62500000
v -1.20740728 -0.37500000 0.32352381
v -1.25000000 -0.37500000 1.5924013e-16
v -1.20740728 -0.37500000 -0.32352381
v -1.08253175 -0.37500000 -0.62500000
v -0.88388348 -0.37500000 -0.88388348
v -0.62500000 -0.37500000 -1.08253175
v -0.32352381 -0.37500000 -1.20740728
v 0.0000000e+0 -0.37500000 -1.25000000
v 0.32352381 -0.37500000 -1.20740728
v 0.62500000 -0.37500000 -1.08253175
v 0.88388348 -0.37500000 -0.88388348
v 1.08253175 -0.37500000 -0.62500000
v 1.20740728 -0.37500000 -0.32352381
v 0.90555546 0.37500000 0.24264285
v 0.93750000 0.37500000 1.5510232e-17
v 0.90555546 0.37500000 -0.24264285
v 0.81189882 0.37500000 -0.46875000
v 0.66291261 0.37500000 -0.66291261
v 0.46875000 0.37500000 -0.81189882
v 0.24264285 0.37500000 -0.90555546
v 0.0000000e+0 0.37500000 -0.93750000
v -0.24264285 0.37500000 -0.90555546
v -0.46875000 0.37500000 -0.81189882
v -0.66291261 0.37500000 -0.66291261
v -0.81189882 0.37500000 -0.46875000
v -0.90555546 0.37500000 -0.24264285
v -0.93750000 0.37500000 1.3032087e-16
v -0.90555546 0.37500000 0.24264285
v -0.81189882 0.37500000 0.46875000
v -0.66291261 0.37500000 0.66291261
v -0.46875000 0.37500000 0.81189882
v -0.24264285 0.37500000 0.90555546
v 0.0000000e+0 0.37500000 0.93750000
v 0.24264285 0.37500000 0.90555546
v 0.46875000 0.37500000 0.81189882
v 0.66291261 0.37500000 0.66291261
v 0.81189882 0.37500000 0.46875000
v 1.17118506 -0.33750000 -0.31381809
v 1.05005580 -0.33750000 -0.60625000
v 0.85736697 -0.33750000 -0.85736697
v 0.60625000 -0.33750000 -1.05005580
v 0.31381809 -0.33750000 -1.17118506
v 0.0000000e+0 -0.33750000 -1.21250000
v -0.31381809 -0.33750000 -1.17118506
v -0.60625000 -0.33750000 -1.05005580
v -0.85736697 -0.33750000 -0.85736697
v -1.05005580 -0.33750000 -0.60625000
v -1.17118506 -0.33750000 -0.31381809
v -1.21250000 -0.33750000 1.5947575e-16
v -1.17118506 -0.33750000 0.31381809
v -1.05005580 -0.33750000 0.60625000
v -0.85736697 -0.33750000 0.85736697
v -0.60625000 -0.33750000 1.05005580
v -0.31381809 -0.33750000 1.17118506
v 4.4408921e-16 -0.33750000 1.21250000
v 0.31381809 -0.33750000 1.17118506
v 0.60625000 -0.33750000 1.05005580
v 0.85736697 -0.33750000 0.85736697
v 1.05005580 -0.33750000 0.60625000
v 1.17118506 -0.33750000 0.31381809
v 1.21250000 -0.33750000 1.0987330e-17
v -0.62455727 0.13384543 0.81393889
v -0.61046304 0.12441301 0.79557092
v -0.59584680 0.24960698 0.77652267
v -0.58175257 0.24017455 0.75815471
v -0.70389261 0.13384543 0.75306274
v -0.68979837 0.12441301 0.73469478
v -0.67518213 0.24960698 0.71564652
v -0.66108790 0.24017455 0.69727856
v -0.30022516 0.13384543 0.98612025
v -0.29136516 0.12441301 0.96473031
v -0.28217700 0.24960698 0.94254814
v -0.27331700 0.24017455 0.92115820
v -0.48500107 0.13384543 0.90958356
v -0.47614106 0.12441301 0.88819362
v -0.46695291 0.24960698 0.86601146
v -0.45809290 0.24017455 0.84462151
v 0.62455727 0.13384543 -0.81393889
v 0.61046304 0.12441301 -0.79557092
v 0.59584680 0.24960698 -0.77652267
v 0.58175257 0.24017455 -0.75815471
v 0.70389261 0.13384543 -0.75306274
v 0.68979837 0.12441301 -0.73469478
v 0.67518213 0.24960698 -0.71564652
v 0.66108790 0.24017455 -0.69727856
v 1.03837026 0.0000000e+0 -0.27823047
v 0.93097731 0.0000000e+0 -0.53750000
v 0.76013979 0.0000000e+0 -0.76013979
v 0.53750000 0.0000000e+0 -0.93097731
v 0.27823047 0.0000000e+0 -1.03837026
v 0.0000000e+0 0.0000000e+0 -1.07500000
v -0.27823047 0.0000000e+0 -1.03837026
v -0.53750000 0.0000000e+0 -0.93097731
v -0.76013979 0.0000000e+0 -0.76013979
v -0.93097731 0.0000000e+0 -0.53750000
v -1.03837026 0.0000000e+0 -0.27823047
v -1.07500000 0.0000000e+0 1.4507928e-16
v -1.03837026 0.0000000e+0 0.27823047
v -0.93097731 0.0000000e+0 0.53750000
v -0.76013979 0.0000000e+0 0.76013979
v -0.53750000 0.0000000e+0 0.93097731
v -0.27823047 0.0000000e+0 1.03837026
v 0.0000000e+0 0.0000000e+0 1.07500000
v 0.27823047 0.0000000e+0 1.03837026
v 0.53750000 0.0000000e+0 0.93097731
v 0.76013979 0.0000000e+0 0.76013979
v 0.93097731 0.0000000e+0 0.53750000
v 1.03837026 0.0000000e+0 0.27823047
v 1.07500000 0.0000000e+0 1.3429747e-17
v -0.82610057 0.29907307 0.44209093
v -0.92138607 2.7117347e-2 0.49910037
v -0.92138607 2.7117347e-2 -0.49910037
v -0.82610057 0.29907307 -0.44209093
v -0.90724802 0.29907307 -0.24618365
v -0.90724802 0.29907307 0.24618365
v -0.93965871 0.29907307 1.9377316e-17
v -1.05045549 2.7117347e-2 1.7409229e-17
v -1.01426949 2.7117347e-2 0.27485996
v -1.01426949 2.7117347e-2 -0.27485996
v -0.84297642 0.30626117 0.44430862
v -0.93826192 3.4305456e-2 0.50131806
v -0.93826192 3.4305456e-2 -0.50131806
v -0.84297642 0.30626117 -0.44430862
v -0.92440214 0.30629597 -0.24769281
v -0.92440214 0.30629597 0.24769281
v -0.95701152 0.30629597 1.3516544e-17
v -1.06780829 3.4340251e-2 7.8513853e-18
v -1.03142360 3.4340251e-2 0.27636912
v -1.03142360 3.4340251e-2 -0.27636912
v -1.01005490 -0.22358974 0.54965589
v -0.94517963 -3.8428271e-2 0.51084093
v -0.94517963 -3.8428271e-2 -0.51084093
v -1.01005490 -0.22358974 -0.54965589
v -1.04006339 -3.8428271e-2 0.28177127
v -1.07715928 -3.8428271e-2 1.4269639e-16
v -1.04006339 -3.8428271e-2 -0.28177127
v -1.11291853 -0.22356283 0.30129274
v -1.15258447 -0.22356283 1.5087456e-16
v -1.11291853 -0.22356283 -0.30129274
v -1.02693019 -0.21640029 0.55187358
v -0.96205491 -3.1238825e-2 0.51305862
v -0.96205491 -3.1238825e-2 -0.51305862
v -1.02693019 -0.21640029 -0.55187358
v -1.05721694 -3.1204030e-2 0.28328043
v -1.09451152 -3.1204030e-2 1.4946051e-16
v -1.05721694 -3.1204030e-2 -0.28328043
v -1.13007208 -0.21633859 0.30280190
v -1.16993671 -0.21633859 1.5675842e-16
v -1.13007208 -0.21633859 -0.30280190
v 0.33530235 -0.31030589 -1.13623129
v 0.30823709 -3.8350176e-2 -1.02854251
v 0.91371814 -3.8350176e-2 -0.56394055
v 1.01073252 -0.31030589 -0.61795550
v 0.53730675 -3.8350176e-2 -0.93365875
v 0.76277988 -3.8350176e-2 -0.76064713
v 0.59270513 -0.31030589 -1.02961157
v 0.84112503 -0.31030589 -0.83899228
v 0.54725576 -3.1204030e-2 -0.94787478
v 0.77393651 -3.1204030e-2 -0.77393651
v 0.60265414 -0.30315975 -1.04382760
v 0.85228167 -0.30315975 -0.85228167
v 0.34455358 -0.30319454 -1.15075156
v 0.31748832 -3.1238825e-2 -1.04306278
v 0.92534925 -3.1238825e-2 -0.57663468
v 1.02236363 -0.30319454 -0.63064962
v -1.01073252 -0.31030589 -0.61795550
v -0.91371814 -3.8350176e-2 -0.56394055
v -0.30823709 -3.8350176e-2 -1.02854251
v -0.33530235 -0.31030589 -1.13623129
v -0.76277988 -3.8350176e-2 -0.76064713
v -0.53730675 -3.8350176e-2 -0.93365875
v -0.84112503 -0.31030589 -0.83899228
v -0.59270513 -0.31030589 -1.02961157
v -0.77393651 -3.1204030e-2 -0.77393651
v -0.54725576 -3.1204030e-2 -0.94787478
v -0.85228167 -0.30315975 -0.85228167
v -0.60265414 -0.30315975 -1.04382760
v -1.02236363 -0.30319454 -0.63064962
v -0.92534925 -3.1238825e-2 -0.57663468
v -0.31748832 -3.1238825e-2 -1.04306278
v -0.34455358 -0.30319454 -1.15075156
v -0.27264932 0.29915043 -0.89572751
v -0.29971458 2.7194715e-2 -1.00341629
v -0.89165387 2.7194715e-2 -0.54920530
v -0.79463950 0.29915043 -0.49519035
v -0.46855659 0.29915043 -0.81458005
v -0.66555254 0.29915043 -0.66341975
v -0.74389769 2.7194715e-2 -0.74176490
v -0.52395498 2.7194715e-2 -0.91053287
v -0.47850576 0.30629597 -0.82879628
v -0.67670933 0.30629597 -0.67670933
v -0.75505448 3.4340251e-2 -0.75505448
v -0.53390414 3.4340251e-2 -0.92474911
v -0.90328513 3.4305456e-2 -0.56189962
v -0.80627076 0.30626117 -0.50788468
v -0.28190070 0.30626117 -0.91024798
v -0.30896596 3.4305456e-2 -1.01793676
v -0.33530235 -0.31030589 1.13623129
v -0.30823709 -3.8350176e-2 1.02854251
v -0.91371814 -3.8350176e-2 0.56394055
v -1.01073252 -0.31030589 0.61795550
v -0.53730675 -3.8350176e-2 0.93365875
v -0.76277988 -3.8350176e-2 0.76064713
v -0.59270513 -0.31030589 1.02961157
v -0.84112503 -0.31030589 0.83899228
v -0.54725576 -3.1204030e-2 0.94787478
v -0.77393651 -3.1204030e-2 0.77393651
v -0.60265414 -0.30315975 1.04382760
v -0.85228167 -0.30315975 0.85228167
v -0.34455358 -0.30319454 1.15075156
v -0.31748832 -3.1238825e-2 1.04306278
v -0.92534925 -3.1238825e-2 0.57663468
v -1.02236363 -0.30319454 0.63064962
v 1.01073252 -0.31030589 0.61795550
v 0.91371814 -3.8350176e-2 0.56394055
v 0.30823709 -3.8350176e-2 1.02854251
v 0.33530235 -0.31030589 1.13623129
v 0.76277988 -3.8350176e-2 0.76064713
v 0.53730675 -3.8350176e-2 0.93365875
v 0.84112503 -0.31030589 0.83899228
v 0.59270513 -0.31030589 1.02961157
v 0.77393651 -3.1204030e-2 0.77393651
v 0.54725576 -3.1204030e-2 0.94787478
v 0.85228167 -0.30315975 0.85228167
v 0.60265414 -0.30315975 1.04382760
v 1.02236363 -0.30319454 0.63064962
v 0.92534925 -3.1238825e-2 0.57663468
v 0.31748832 -3.1238825e-2 1.04306278
v 0.34455358 -0.30319454 1.15075156
v 0.27264932 0.29915043 0.89572751
v 0.29971458 2.7194715e-2 1.00341629
v 0.89165387 2.7194715e-2 0.54920530
v 0.79463950 0.29915043 0.49519035
v 0.46855659 0.29915043 0.81458005
v 0.66555254 0.29915043 0.66341975
v 0.74389769 2.7194715e-2 0.74176490
v 0.52395498 2.7194715e-2 0.91053287
v 0.47850576 0.30629597 0.82879628
v 0.67670933 0.30629597 0.67670933
v 0.75505448 3.4340251e-2 0.75505448
v 0.53390414 3.4340251e-2 0.92474911
v 0.90328513 3.4305456e-2 0.56189962
v 0.80627076 0.30626117 0.50788468
v 0.28190070 0.30626117 0.91024798
v 0.30896596 3.4305456e-2 1.01793676
v 0.82610057 0.29907307 0.44209093
v 0.92138607 2.7117347e-2 0.49910037
v 0.92138607 2.7117347e-2 -0.49910037
v 0.82610057 0.29907307 -0.44209093
v 0.90724802 0.29907307 -0.24618365
v 0.90724802 0.29907307 0.24618365
v 0.93965871 0.29907307 1.9377316e-17
v 1.05045549 2.7117347e-2 1.7409229e-17
v 1.01426949 2.7117347e-2 0.27485996
v 1.01426949 2.7117347e-2 -0.27485996
v 0.84297642 0.30626117 0.44430862
v 0.93826192 3.4305456e-2 0.50131806
v 0.93826192 3.4305456e-2 -0.50131806
v 0.84297642 0.30626117 -0.44430862
v 0.92440214 0.30629597 -0.24769281
v 0.92440214 0.30629597 0.24769281
v 0.95701152 0.30629597 1.3516544e-17
v 1.06780829 3.4340251e-2 7.8513853e-18
v 1.03142360 3.4340251e-2 0.27636912
v 1.03142360 3.4340251e-2 -0.27636912
v 1.01005490 -0.22358974 0.54965589
v 0.94517963 -3.8428271e-2 0.51084093
v 0.94517963 -3.8428271e-2 -0.51084093
v 1.01005490 -0.22358974 -0.54965589
v 1.04006339 -3.8428271e-2 0.28177127
v 1.07715928 -3.8428271e-2 1.4269639e-16
v 1.04006339 -3.8428271e-2 -0.28177127
v 1.11291853 -0.22356283 0.30129274
v 1.15258447 -0.22356283 1.5087456e-16
v 1.11291853 -0.22356283 -0.30129274
v 1.02693019 -0.21640029 0.55187358
v 0.96205491 -3.1238825e-2 0.51305862
v 0.96205491 -3.1238825e-2 -0.51305862
v 1.02693019 -0.21640029 -0.55187358
v 1.05721694 -3.1204030e-2 0.28328043
v 1.09451152 -3.1204030e-2 1.4946051e-16
v 1.05721694 -3.1204030e-2 -0.28328043
v 1.13007208 -0.21633859 0.30280190
v 1.16993671 -0.21633859 1.5675842e-16
v 1.13007208 -0.21633859 -0.30280190
vt 0.59978656 0.53331218
vt 0.59978656 0.53331218
vt 0.59986210 0.50123453
vt 0.59986210 0.52080489
vt 0.60203882 0.49884381
vt 0.60203882 0.50117472
vt 0.60203882 0.52074508
vt 0.60203882 0.52297441
vt 0.60203882 0.49884381
vt 0.60203882 0.50117472
vt 0.60203882 0.52074508
vt 0.60203882 0.52297441
vt 0.60668404 0.56851544
vt 0.60668404 0.56851544
vt 0.61358153 0.60371870
vt 0.61358153 0.60371870
vt 0.61410515 0.60745276
vt 0.61410515 0.60745276
vt 0.62721476 0.49884364
vt 0.62721476 0.49884364
vt 0.62721476 0.50117472
vt 0.62721476 0.50117472
vt 0.62721476 0.52074304
vt 0.62721476 0.52297254
vt 0.63039379 0.53331218
vt 0.63160809 0.49877509
vt 0.63160809 0.50117586
vt 0.63160809 0.52074382
vt 0.63160809 0.52074382
vt 0.63160809 0.52304296
vt 0.63160809 0.52304296
vt 0.63160809 0.49877509
vt 0.63160809 0.50117586
vt 0.63160809 0.52074382
vt 0.63160809 0.52304296
vt 0.63387701 0.56851544
vt 0.63387701 0.56851544
vt 0.63502025 0.70483958
vt 0.63502025 0.71703733
vt 0.63502025 0.71703733
vt 0.63502025 0.70483958
vt 0.63736023 0.60371870
vt 0.63736023 0.60371870
vt 0.63746154 0.71703733
vt 0.63746154 0.70239829
vt 0.63746154 0.70483958
vt 0.63746154 0.71947862
vt 0.63746154 0.71703733
vt 0.63746154 0.71947862
vt 0.63746154 0.70239829
vt 0.63746154 0.70483958
vt 0.63771175 0.60745276
vt 0.63771175 0.60745276
vt 0.63983973 0.73216939
vt 0.63983973 0.74445284
vt 0.63983973 0.74445284
vt 0.64228103 0.73216939
vt 0.64228103 0.74445284
vt 0.64228103 0.72972810
vt 0.64228103 0.73216939
vt 0.64228103 0.74445284
vt 0.64228103 0.74689414
vt 0.64228103 0.72972810
vt 0.65212637 0.74445284
vt 0.65212637 0.72972810
vt 0.65212637 0.72972810
vt 0.65212637 0.73216939
vt 0.65212637 0.74689414
vt 0.65212637 0.73216939
vt 0.65212637 0.74689414
vt 0.65456766 0.73216939
vt 0.65456766 0.73216939
vt 0.65456766 0.74445284
vt 0.65456766 0.74445284
vt 0.65690018 0.70239829
vt 0.65690018 0.70483958
vt 0.65690018 0.71703733
vt 0.65690018 0.71947862
vt 0.65690018 0.71703733
vt 0.65690018 0.70239829
vt 0.65690018 0.70483958
vt 0.65690018 0.71947862
vt 0.65934147 0.70483958
vt 0.65934147 0.71703733
vt 0.65934147 0.70483958
vt 0.65934147 0.71703733
vt 0.65977356 0.49877509
vt 0.65977356 0.50117586
vt 0.65977356 0.52074382
vt 0.65977356 0.52304296
vt 0.65977356 0.49877509
vt 0.65977356 0.50117586
vt 0.65977356 0.52074382
vt 0.65977356 0.52304296
vt 0.66125945 0.60745276
vt 0.66125945 0.60745276
vt 0.66125945 0.53331218
vt 0.66125945 0.56851544
vt 0.66125945 0.56851544
vt 0.66125945 0.53331218
vt 0.66125945 0.60371870
vt 0.66125945 0.60371870
vt 0.66438389 0.49884364
vt 0.66438389 0.50117472
vt 0.66438389 0.52074304
vt 0.66438389 0.52297254
vt 0.66438389 0.49884364
vt 0.66438389 0.50117472
vt 0.66438389 0.52074304
vt 0.66438389 0.52297254
vt 0.67009428 0.71948404
vt 0.67009428 0.71213144
vt 0.67848462 0.72806206
vt 0.67848462 0.71213144
vt 0.67848462 0.71948404
vt 0.67848462 0.70355342
vt 0.68234860 0.72806206
vt 0.68234860 0.71213144
vt 0.68234860 0.71948404
vt 0.68234860 0.70355342
vt 0.68480716 0.60745276
vt 0.68480716 0.60745276
vt 0.68515868 0.60371870
vt 0.68515868 0.60371870
vt 0.68864190 0.56851544
vt 0.68864190 0.56851544
vt 0.68935219 0.49884381
vt 0.68935219 0.50117472
vt 0.68935219 0.52074508
vt 0.68935219 0.52297441
vt 0.68935219 0.49884381
vt 0.68935219 0.50117472
vt 0.68935219 0.52074508
vt 0.68935219 0.52297441
vt 0.69092663 0.71948404
vt 0.69092663 0.71213144
vt 0.69152890 0.50123453
vt 0.69152890 0.52080489
vt 0.69152890 0.50123453
vt 0.69152890 0.52080489
vt 0.69212511 0.53331218
vt 0.69212511 0.53331218
vt 0.69460292 0.71213144
vt 0.69460292 0.71948404
vt 0.70307614 0.49204185
vt 0.70307614 0.52083391
vt 0.70307614 0.49204185
vt 0.70307614 0.52083391
vt 0.70316963 0.49200730
vt 0.70316963 0.49200730
vt 0.70316963 0.52079935
vt 0.70534278 0.48955347
vt 0.70534278 0.49194753
vt 0.70534278 0.52073959
vt 0.70534278 0.52313595
vt 0.70534278 0.52313595
vt 0.70534626 0.48959676
vt 0.70534626 0.49194754
vt 0.70534626 0.52073960
vt 0.70534626 0.52309266
vt 0.70534626 0.48959676
vt 0.70534626 0.49194754
vt 0.70534626 0.52073960
vt 0.70534626 0.52309266
vt 0.70828849 0.60745276
vt 0.70828849 0.60745276
vt 0.70881210 0.60371870
vt 0.70881210 0.60371870
vt 0.71561609 0.56851544
vt 0.71561609 0.56851544
vt 0.72242008 0.53331218
vt 0.72242008 0.53331218
vt 0.72478919 0.53331218
vt 0.72478919 0.53331218
vt 0.72727046 0.48955339
vt 0.72727046 0.49194753
vt 0.72727046 0.52074051
vt 0.72727046 0.52313694
vt 0.72727046 0.52313694
vt 0.72727394 0.48959660
vt 0.72727394 0.49194754
vt 0.72727394 0.52074051
vt 0.72727394 0.52309374
vt 0.72727394 0.48959660
vt 0.72727394 0.49194754
vt 0.72727394 0.52074051
vt 0.72727394 0.52309374
vt 0.73167034 0.56851544
vt 0.73167034 0.56851544
vt 0.73213263 0.48951823
vt 0.73213263 0.49194774
vt 0.73213263 0.52074029
vt 0.73213263 0.52317211
vt 0.73213263 0.48951823
vt 0.73213263 0.49194774
vt 0.73213263 0.52074029
vt 0.73213263 0.52317211
vt 0.73213369 0.48952710
vt 0.73213369 0.49194774
vt 0.73213369 0.52074029
vt 0.73213369 0.52316323
vt 0.73213369 0.48952710
vt 0.73213369 0.49194774
vt 0.73213369 0.52074029
vt 0.73213369 0.52316323
vt 0.73855149 0.60371870
vt 0.73855149 0.60371870
vt 0.73907511 0.60745276
vt 0.73907511 0.60745276
vt 0.75504785 0.53331218
vt 0.75504785 0.53331218
vt 0.75748847 0.48951823
vt 0.75748847 0.49194774
vt 0.75748847 0.49194774
vt 0.75748847 0.52074029
vt 0.75748847 0.52317211
vt 0.75748953 0.48952710
vt 0.75748953 0.49194774
vt 0.75748953 0.52074029
vt 0.75748953 0.52316323
vt 0.75748953 0.48952710
vt 0.75748953 0.49194774
vt 0.75748953 0.52074029
vt 0.75748953 0.52316323
vt 0.75760077 0.48952710
vt 0.75760077 0.49194774
vt 0.75760077 0.52074029
vt 0.75760077 0.52316323
vt 0.75853107 0.56851544
vt 0.75853107 0.56851544
vt 0.76196317 0.48955339
vt 0.76196317 0.49194753
vt 0.76196317 0.52074051
vt 0.76196317 0.52074051
vt 0.76196317 0.52313694
vt 0.76201428 0.60371870
vt 0.76201428 0.60371870
vt 0.76204268 0.48959660
vt 0.76204268 0.49194754
vt 0.76204268 0.52074051
vt 0.76204268 0.52309374
vt 0.76236581 0.60745276
vt 0.76236581 0.60745276
vt 0.78422434 0.48955347
vt 0.78422434 0.49194753
vt 0.78422434 0.52073959
vt 0.78422434 0.52313595
vt 0.78430385 0.48959676
vt 0.78430385 0.49194754
vt 0.78430385 0.52073960
vt 0.78430385 0.52309266
vt 0.78430385 0.48959676
vt 0.78430385 0.49194754
vt 0.78430385 0.52073960
vt 0.78430385 0.52309266
vt 0.78591351 0.60745276
vt 0.78591351 0.56851544
vt 0.78591351 0.60371870
vt 0.78591351 0.53331218
vt 0.78591351 0.53331218
vt 0.78591351 0.56851544
vt 0.78591351 0.60371870
vt 0.78591351 0.60745276
vt 0.78648048 0.49200730
vt 0.78648048 0.52079935
vt 0.78649098 0.49204185
vt 0.78649098 0.52083391
vt 0.78649098 0.52083391
vt 0.79846507 0.49199554
vt 0.79846507 0.52071236
vt 0.79846507 0.49199554
vt 0.79846507 0.52071236
vt 0.79846507 0.49199554
vt 0.79846507 0.52071236
vt 0.80073173 0.48950733
vt 0.80073173 0.49190139
vt 0.80073173 0.52061821
vt 0.80073173 0.52301457
vt 0.80073173 0.48950733
vt 0.80073173 0.48950733
vt 0.80073173 0.49190139
vt 0.80073173 0.49190139
vt 0.80073173 0.52061821
vt 0.80073173 0.52061821
vt 0.80073173 0.52301457
vt 0.80073173 0.52301457
vt 0.80946121 0.60745276
vt 0.80946121 0.60745276
vt 0.80981273 0.60371870
vt 0.80981273 0.60371870
vt 0.81329595 0.56851544
vt 0.81329595 0.56851544
vt 0.81677917 0.53331218
vt 0.81677917 0.53331218
vt 0.82635231 0.48950724
vt 0.82635231 0.49190139
vt 0.82635231 0.52061901
vt 0.82635231 0.52301544
vt 0.82635231 0.48950724
vt 0.82635231 0.48950724
vt 0.82635231 0.49190139
vt 0.82635231 0.49190139
vt 0.82635231 0.52061901
vt 0.82635231 0.52061901
vt 0.82635231 0.52061901
vt 0.82635231 0.52301544
vt 0.82635231 0.52301544
vt 0.83089560 0.48947206
vt 0.83089560 0.49190157
vt 0.83089560 0.52061881
vt 0.83089560 0.52305063
vt 0.83089560 0.52305063
vt 0.83294254 0.60745276
vt 0.83294254 0.60745276
vt 0.83346616 0.60371870
vt 0.83346616 0.60371870
vt 0.84040631 0.56851544
vt 0.84040631 0.56851544
vt 0.84734647 0.53331218
vt 0.84734647 0.53331218
vt 0.84839136 0.53331218
vt 0.84839136 0.53331218
vt 0.85521573 0.56851544
vt 0.85521573 0.56851544
vt 0.86008906 0.48947206
vt 0.86008906 0.49190157
vt 0.86008906 0.52061881
vt 0.86008906 0.52305063
vt 0.86008906 0.48947206
vt 0.86008906 0.49190157
vt 0.86008906 0.52061881
vt 0.86008906 0.52305063
vt 0.86204009 0.60371870
vt 0.86204009 0.60371870
vt 0.86256371 0.60745276
vt 0.86256371 0.60745276
vt 0.86393762 0.48950724
vt 0.86393762 0.48950724
vt 0.86393762 0.49190139
vt 0.86393762 0.49190139
vt 0.86393762 0.49190139
vt 0.86393762 0.52061901
vt 0.86393762 0.52061901
vt 0.86393762 0.52061901
vt 0.86393762 0.52301545
vt 0.86393762 0.52301545
vt 0.87876817 0.53331218
vt 0.87876817 0.53331218
vt 0.88225138 0.56851544
vt 0.88225138 0.56851544
vt 0.88573460 0.60371870
vt 0.88573460 0.60371870
vt 0.88608612 0.60745276
vt 0.88608612 0.60745276
vt 0.88958336 0.48950733
vt 0.88958336 0.49190139
vt 0.88958336 0.52061821
vt 0.88958336 0.52301457
vt 0.88958336 0.48950733
vt 0.88958336 0.48950733
vt 0.88958336 0.49190139
vt 0.88958336 0.49190139
vt 0.88958336 0.52061821
vt 0.88958336 0.52061821
vt 0.88958336 0.52301457
vt 0.88958336 0.52301457
vt 0.88958336 0.52301457
vt 0.89185003 0.49199554
vt 0.89185003 0.49199554
vt 0.89185003 0.49199554
vt 0.89185003 0.52071236
vt 0.89185003 0.52071236
vt 0.89185003 0.52071236
vt 0.89185003 0.49199554
vt 0.89185003 0.52071236
vt 0.90963383 0.60745276
vt 0.90963383 0.60371870
vt 0.90963383 0.53331218
vt 0.90963383 0.56851544
vt 0.90963383 0.53331218
vt 0.90963383 0.56851544
vt 0.90963383 0.60371870
vt 0.90963383 0.60745276
vt 0.93318153 0.60745276
vt 0.93318153 0.60745276
vt 0.93353305 0.60371870
vt 0.93353305 0.60371870
vt 0.93701627 0.56851544
vt 0.93701627 0.56851544
vt 0.94049949 0.53331218
vt 0.94049949 0.53331218
vt 0.95688996 0.60745276
vt 0.95688996 0.60745276
vt 0.95718050 0.60371870
vt 0.95718050 0.60371870
vt 0.96403698 0.56851544
vt 0.96403698 0.56851544
vt 0.97089347 0.53331218
vt 0.97089347 0.53331218
vt 0.98118867 0.61834615
vt 0.98118867 0.61834615
vt 0.98118867 0.61834615
vt 0.98118867 0.65039845
vt 0.98118867 0.65039845
vt 0.98118867 0.65039845
vt 0.98118867 0.65039845
vt 0.98118867 0.68165291
vt 0.98118867 0.68165291
vt 0.98118867 0.68165291
vt 0.98118867 0.69130976
vt 0.98118867 0.69130976
vt 0.98118867 0.69130976
vt 0.98118867 0.72336206
vt 0.98118867 0.72336206
vt 0.98118867 0.72336206
vt 0.98118867 0.75461653
vt 0.98118867 0.75461653
vt 0.98118867 0.75461653
vt 0.98118867 0.61834615
vt 0.98118867 0.61834615
vt 0.98118867 0.61834615
vt 0.98118867 0.61834615
vt 0.98118867 0.65039845
vt 0.98118867 0.65039845
vt 0.98118867 0.65039845
vt 0.98118867 0.68165291
vt 0.98118867 0.68165291
vt 0.98466635 0.69130976
vt 0.98466635 0.72288861
vt 0.98466635 0.75390682
vt 0.98466635 0.61834615
vt 0.98466635 0.61834615
vt 0.98466635 0.61834615
vt 0.98466635 0.61834615
vt 0.98466635 0.61834615
vt 0.98466635 0.64992500
vt 0.98466635 0.64992500
vt 0.98466635 0.64992500
vt 0.98466635 0.64992500
vt 0.98466635 0.68094321
vt 0.98466635 0.68094321
vt 0.98466635 0.68094321
vt 0.98466635 0.68094321
vt 0.98466635 0.68094321
vt 0.98466635 0.69130976
vt 0.98466635 0.69130976
vt 0.98466635 0.72288861
vt 0.98466635 0.72288861
vt 0.98466635 0.72288861
vt 0.98466635 0.75390682
vt 0.98466635 0.75390682
vt 0.98466635 0.75390682
vt 0.98850680 0.61834615
vt 0.98850680 0.61834615
vt 0.98850680 0.61834615
vt 0.98850680 0.61834615
vt 0.98850680 0.61834615
vt 0.98850680 0.64945168
vt 0.98850680 0.64945168
vt 0.98850680 0.64945168
vt 0.98850680 0.64945168
vt 0.98850680 0.67976809
vt 0.98850680 0.67976809
vt 0.98850680 0.67976809
vt 0.98850680 0.67976809
vt 0.98850680 0.69130976
vt 0.98850680 0.72241529
vt 0.98850680 0.75273171
vt 0.98850680 0.61834615
vt 0.98850680 0.61834615
vt 0.98850680 0.64945168
vt 0.98850680 0.64945168
vt 0.98850680 0.67976809
vt 0.98850680 0.67976809
vt 0.98850680 0.69130976
vt 0.98850680 0.69130976
vt 0.98850680 0.72241529
vt 0.98850680 0.72241529
vt 0.98850680 0.75273171
vt 0.98850680 0.75273171
vt 0.98850680 0.69130976
vt 0.98850680 0.72241529
vt 0.98850680 0.75273171
vn 0.89453653 0.37729689 -0.23969034
vn 0.80201951 0.37729689 -0.46304618
vn 0.65484619 0.37729689 -0.65484619
vn 0.46304618 0.37729689 -0.80201951
vn 0.23969034 0.37729689 -0.89453653
vn -4.9630968e-16 0.37729689 -0.92609236
vn -0.23969034 0.37729689 -0.89453653
vn -0.46304618 0.37729689 -0.80201951
vn -0.65484619 0.37729689 -0.65484619
vn -0.80201951 0.37729689 -0.46304618
vn -0.89453653 0.37729689 -0.23969034
vn -0.92609236 0.37729689 6.3611523e-16
vn -0.89453653 0.37729689 0.23969034
vn -0.80201951 0.37729689 0.46304618
vn -0.65484619 0.37729689 0.65484619
vn -0.46304618 0.37729689 0.80201951
vn -0.23969034 0.37729689 0.89453653
vn 7.1999855e-16 0.37729689 0.92609236
vn 0.23969034 0.37729689 0.89453653
vn 0.46304618 0.37729689 0.80201951
vn 0.65484619 0.37729689 0.65484619
vn 0.80201951 0.37729689 0.46304618
vn 0.89453653 0.37729689 0.23969034
vn 0.92609236 0.37729689 -1.0799978e-15
vn 0.14438527 -0.92609236 -0.34857687
vn 0.35440020 0.37729689 -0.85559778
vn -0.92387953 3.4174052e-15 -0.38268343
vn 0.14438527 -0.92609236 -0.34857687
vn -0.92387953 3.4174052e-15 -0.38268343
vn -0.14438527 0.92609236 0.34857687
vn 0.35440020 0.37729689 -0.85559778
vn -0.92387953 3.4174052e-15 -0.38268343
vn -0.14438527 0.92609236 0.34857687
vn -0.92387953 3.4174052e-15 -0.38268343
vn 0.14438527 -0.92609236 -0.34857687
vn 0.35440020 0.37729689 -0.85559778
vn 0.92387953 -3.8857806e-15 0.38268343
vn 0.14438527 -0.92609236 -0.34857687
vn 0.92387953 -3.8857806e-15 0.38268343
vn -0.14438527 0.92609236 0.34857687
vn 0.35440020 0.37729689 -0.85559778
vn 0.92387953 -3.8857806e-15 0.38268343
vn -0.14438527 0.92609236 0.34857687
vn 0.92387953 -3.8857806e-15 0.38268343
vn 0.0000000e+0 -1.00000000 0.0000000e+0
vn -0.38268343 0.0000000e+0 0.92387953
vn -0.92387953 0.0000000e+0 -0.38268343
vn 0.0000000e+0 -1.00000000 0.0000000e+0
vn 0.38268343 0.0000000e+0 -0.92387953
vn -0.92387953 0.0000000e+0 -0.38268343
vn 0.0000000e+0 1.00000000 0.0000000e+0
vn -0.38268343 0.0000000e+0 0.92387953
vn -0.92387953 0.0000000e+0 -0.38268343
vn 0.0000000e+0 1.00000000 0.0000000e+0
vn 0.38268343 0.0000000e+0 -0.92387953
vn -0.92387953 0.0000000e+0 -0.38268343
vn 0.0000000e+0 -1.00000000 0.0000000e+0
vn -0.38268343 0.0000000e+0 0.92387953
vn 0.92387953 0.0000000e+0 0.38268343
vn 0.0000000e+0 -1.00000000 0.0000000e+0
vn 0.38268343 0.0000000e+0 -0.92387953
vn 0.92387953 0.0000000e+0 0.38268343
vn 0.0000000e+0 1.00000000 0.0000000e+0
vn -0.38268343 0.0000000e+0 0.92387953
vn 0.92387953 0.0000000e+0 0.38268343
vn 0.0000000e+0 1.00000000 0.0000000e+0
vn 0.38268343 0.0000000e+0 -0.92387953
vn 0.92387953 0.0000000e+0 0.38268343
vn 0.0000000e+0 -1.00000000 0.0000000e+0
vn -0.38268343 0.0000000e+0 -0.92387953
vn -0.92387953 0.0000000e+0 0.38268343
vn 0.0000000e+0 -1.00000000 0.0000000e+0
vn 0.38268343 0.0000000e+0 0.92387953
vn -0.92387953 0.0000000e+0 0.38268343
vn 0.0000000e+0 1.00000000 0.0000000e+0
vn -0.38268343 0.0000000e+0 -0.92387953
vn -0.92387953 0.0000000e+0 0.38268343
vn 0.0000000e+0 1.00000000 0.0000000e+0
vn 0.38268343 0.0000000e+0 0.92387953
vn -0.92387953 0.0000000e+0 0.38268343
vn 0.0000000e+0 -1.00000000 0.0000000e+0
vn -0.38268343 0.0000000e+0 -0.92387953
vn 0.92387953 0.0000000e+0 -0.38268343
vn 0.0000000e+0 -1.00000000 0.0000000e+0
vn 0.38268343 0.0000000e+0 0.92387953
vn 0.92387953 0.0000000e+0 -0.38268343
vn 0.0000000e+0 1.00000000 0.0000000e+0
vn -0.38268343 0.0000000e+0 -0.92387953
vn 0.92387953 0.0000000e+0 -0.38268343
vn 0.0000000e+0 1.00000000 0.0000000e+0
vn 0.38268343 0.0000000e+0 0.92387953
vn 0.92387953 0.0000000e+0 -0.38268343
vn 0.0000000e+0 -1.00000000 0.0000000e+0
vn 0.38268343 0.0000000e+0 0.92387953
vn 0.92387953 0.0000000e+0 -0.38268343
vn 0.0000000e+0 -1.00000000 0.0000000e+0
vn -0.38268343 0.0000000e+0 -0.92387953
vn 0.92387953 0.0000000e+0 -0.38268343
vn 0.0000000e+0 1.00000000 0.0000000e+0
vn 0.38268343 0.0000000e+0 0.92387953
vn 0.92387953 0.0000000e+0 -0.38268343
vn 0.0000000e+0 1.00000000 0.0000000e+0
vn -0.38268343 0.0000000e+0 -0.92387953
vn 0.92387953 0.0000000e+0 -0.38268343
vn 0.0000000e+0 -1.00000000 0.0000000e+0
vn 0.38268343 0.0000000e+0 0.92387953
vn -0.92387953 0.0000000e+0 0.38268343
vn 0.0000000e+0 -1.00000000 0.0000000e+0
vn -0.38268343 0.0000000e+0 -0.92387953
vn -0.92387953 0.0000000e+0 0.38268343
vn 0.0000000e+0 1.00000000 0.0000000e+0
vn 0.38268343 0.0000000e+0 0.92387953
vn -0.92387953 0.0000000e+0 0.38268343
vn 0.0000000e+0 1.00000000 0.0000000e+0
vn -0.38268343 0.0000000e+0 -0.92387953
vn -0.92387953 0.0000000e+0 0.38268343
vn 0.0000000e+0 -1.00000000 0.0000000e+0
vn 0.38268343 0.0000000e+0 -0.92387953
vn 0.92387953 0.0000000e+0 0.38268343
vn 0.0000000e+0 -1.00000000 0.0000000e+0
vn -0.38268343 0.0000000e+0 0.92387953
vn 0.92387953 0.0000000e+0 0.38268343
vn 0.0000000e+0 1.00000000 0.0000000e+0
vn 0.38268343 0.0000000e+0 -0.92387953
vn 0.92387953 0.0000000e+0 0.38268343
vn 0.0000000e+0 1.00000000 0.0000000e+0
vn -0.38268343 0.0000000e+0 0.92387953
vn 0.92387953 0.0000000e+0 0.38268343
vn 0.0000000e+0 -1.00000000 0.0000000e+0
vn 0.38268343 0.0000000e+0 -0.92387953
vn -0.92387953 0.0000000e+0 -0.38268343
vn 0.0000000e+0 -1.00000000 0.0000000e+0
vn -0.38268343 0.0000000e+0 0.92387953
vn -0.92387953 0.0000000e+0 -0.38268343
vn 0.0000000e+0 1.00000000 0.0000000e+0
vn 0.38268343 0.0000000e+0 -0.92387953
vn -0.92387953 0.0000000e+0 -0.38268343
vn 0.0000000e+0 1.00000000 0.0000000e+0
vn -0.38268343 0.0000000e+0 0.92387953
vn -0.92387953 0.0000000e+0 -0.38268343
vn 0.92609236 0.37729689 -9.7863881e-16
vn 0.92609236 0.37729689 -9.7863881e-16
vn 1.00000000 0.0000000e+0 -6.7188186e-16
vn 1.00000000 0.0000000e+0 -6.7188186e-16
vn 0.89453653 0.37729689 0.23969034
vn 0.89453653 0.37729689 0.23969034
vn 0.96592583 0.0000000e+0 0.25881905
vn 0.96592583 0.0000000e+0 0.25881905
vn 0.80201951 0.37729689 0.46304618
vn 0.80201951 0.37729689 0.46304618
vn 0.86602540 0.0000000e+0 0.50000000
vn 0.86602540 0.0000000e+0 0.50000000
vn 0.65484619 0.37729689 0.65484619
vn 0.65484619 0.37729689 0.65484619
vn 0.70710678 0.0000000e+0 0.70710678
vn 0.70710678 0.0000000e+0 0.70710678
vn 0.46304618 0.37729689 0.80201951
vn 0.46304618 0.37729689 0.80201951
vn 0.50000000 0.0000000e+0 0.86602540
vn 0.50000000 0.0000000e+0 0.86602540
vn 0.23969034 0.37729689 0.89453653
vn 0.23969034 0.37729689 0.89453653
vn 0.25881905 0.0000000e+0 0.96592583
vn 0.25881905 0.0000000e+0 0.96592583
vn 5.8718329e-16 0.37729689 0.92609236
vn 5.8718329e-16 0.37729689 0.92609236
vn 4.4792124e-16 0.0000000e+0 1.00000000
vn 4.4792124e-16 0.0000000e+0 1.00000000
vn -0.23969034 0.37729689 0.89453653
vn -0.23969034 0.37729689 0.89453653
vn -0.25881905 0.0000000e+0 0.96592583
vn -0.25881905 0.0000000e+0 0.96592583
vn -0.46304618 0.37729689 0.80201951
vn -0.46304618 0.37729689 0.80201951
vn -0.50000000 0.0000000e+0 0.86602540
vn -0.50000000 0.0000000e+0 0.86602540
vn -0.65484619 0.37729689 0.65484619
vn -0.65484619 0.37729689 0.65484619
vn -0.70710678 0.0000000e+0 0.70710678
vn -0.70710678 0.0000000e+0 0.70710678
vn -0.80201951 0.37729689 0.46304618
vn -0.80201951 0.37729689 0.46304618
vn -0.86602540 0.0000000e+0 0.50000000
vn -0.86602540 0.0000000e+0 0.50000000
vn -0.89453653 0.37729689 0.23969034
vn -0.89453653 0.37729689 0.23969034
vn -0.96592583 0.0000000e+0 0.25881905
vn -0.96592583 0.0000000e+0 0.25881905
vn -0.92609236 0.37729689 6.7106661e-16
vn -0.92609236 0.37729689 6.7106661e-16
vn -1.00000000 0.0000000e+0 7.9785971e-16
vn -1.00000000 0.0000000e+0 7.9785971e-16
vn -0.89453653 0.37729689 -0.23969034
vn -0.89453653 0.37729689 -0.23969034
vn -0.96592583 0.0000000e+0 -0.25881905
vn -0.96592583 0.0000000e+0 -0.25881905
vn -0.80201951 0.37729689 -0.46304618
vn -0.80201951 0.37729689 -0.46304618
vn -0.86602540 0.0000000e+0 -0.50000000
vn -0.86602540 0.0000000e+0 -0.50000000
vn -0.65484619 0.37729689 -0.65484619
vn -0.65484619 0.37729689 -0.65484619
vn -0.70710678 0.0000000e+0 -0.70710678
vn -0.70710678 0.0000000e+0 -0.70710678
vn -0.46304618 0.37729689 -0.80201951
vn -0.46304618 0.37729689 -0.80201951
vn -0.50000000 0.0000000e+0 -0.86602540
vn -0.50000000 0.0000000e+0 -0.86602540
vn -0.23969034 0.37729689 -0.89453653
vn -0.23969034 0.37729689 -0.89453653
vn -0.25881905 0.0000000e+0 -0.96592583
vn -0.25881905 0.0000000e+0 -0.96592583
vn -3.4951386e-16 0.37729689 -0.92609236
vn -3.4951386e-16 0.37729689 -0.92609236
vn -2.9394831e-16 0.0000000e+0 -1.00000000
vn -2.9394831e-16 0.0000000e+0 -1.00000000
vn 0.23969034 0.37729689 -0.89453653
vn 0.23969034 0.37729689 -0.89453653
vn 0.25881905 0.0000000e+0 -0.96592583
vn 0.25881905 0.0000000e+0 -0.96592583
vn 0.46304618 0.37729689 -0.80201951
vn 0.46304618 0.37729689 -0.80201951
vn 0.50000000 0.0000000e+0 -0.86602540
vn 0.50000000 0.0000000e+0 -0.86602540
vn 0.65484619 0.37729689 -0.65484619
vn 0.65484619 0.37729689 -0.65484619
vn 0.70710678 0.0000000e+0 -0.70710678
vn 0.70710678 0.0000000e+0 -0.70710678
vn 0.80201951 0.37729689 -0.46304618
vn 0.80201951 0.37729689 -0.46304618
vn 0.86602540 0.0000000e+0 -0.50000000
vn 0.86602540 0.0000000e+0 -0.50000000
vn 0.89453653 0.37729689 -0.23969034
vn 0.89453653 0.37729689 -0.23969034
vn 0.96592583 0.0000000e+0 -0.25881905
vn 0.96592583 0.0000000e+0 -0.25881905
vn 1.00000000 0.0000000e+0 2.2396062e-16
vn 1.00000000 0.0000000e+0 2.2396062e-16
vn 0.0000000e+0 1.00000000 0.0000000e+0
vn 0.0000000e+0 1.00000000 0.0000000e+0
vn 0.96592583 0.0000000e+0 0.25881905
vn 0.96592583 0.0000000e+0 0.25881905
vn 0.0000000e+0 1.00000000 0.0000000e+0
vn 0.0000000e+0 1.00000000 0.0000000e+0
vn 0.86602540 0.0000000e+0 0.50000000
vn 0.86602540 0.0000000e+0 0.50000000
vn 0.0000000e+0 1.00000000 0.0000000e+0
vn 0.0000000e+0 1.00000000 0.0000000e+0
vn 0.70710678 0.0000000e+0 0.70710678
vn 0.70710678 0.0000000e+0 0.70710678
vn 0.0000000e+0 1.00000000 0.0000000e+0
vn 0.0000000e+0 1.00000000 0.0000000e+0
vn 0.50000000 0.0000000e+0 0.86602540
vn 0.50000000 0.0000000e+0 0.86602540
vn 0.0000000e+0 1.00000000 0.0000000e+0
vn 0.0000000e+0 1.00000000 0.0000000e+0
vn 0.25881905 0.0000000e+0 0.96592583
vn 0.25881905 0.0000000e+0 0.96592583
vn 0.0000000e+0 1.00000000 0.0000000e+0
vn 0.0000000e+0 1.00000000 0.0000000e+0
vn 2.3795816e-16 0.0000000e+0 1.00000000
vn 2.3795816e-16 0.0000000e+0 1.00000000
vn 0.0000000e+0 1.00000000 0.0000000e+0
vn 0.0000000e+0 1.00000000 0.0000000e+0
vn -0.25881905 0.0000000e+0 0.96592583
vn -0.25881905 0.0000000e+0 0.96592583
vn 0.0000000e+0 1.00000000 0.0000000e+0
vn 0.0000000e+0 1.00000000 0.0000000e+0
vn -0.50000000 0.0000000e+0 0.86602540
vn -0.50000000 0.0000000e+0 0.86602540
vn 0.0000000e+0 1.00000000 0.0000000e+0
vn 0.0000000e+0 1.00000000 0.0000000e+0
vn -0.70710678 0.0000000e+0 0.70710678
vn -0.70710678 0.0000000e+0 0.70710678
vn 0.0000000e+0 1.00000000 0.0000000e+0
vn 0.0000000e+0 1.00000000 0.0000000e+0
vn -0.86602540 0.0000000e+0 0.50000000
vn -0.86602540 0.0000000e+0 0.50000000
vn 0.0000000e+0 1.00000000 0.0000000e+0
vn 0.0000000e+0 1.00000000 0.0000000e+0
vn -0.96592583 0.0000000e+0 0.25881905
vn -0.96592583 0.0000000e+0 0.25881905
vn 0.0000000e+0 1.00000000 0.0000000e+0
vn 0.0000000e+0 1.00000000 0.0000000e+0
vn -1.00000000 0.0000000e+0 5.8789663e-16
vn -1.00000000 0.0000000e+0 5.8789663e-16
vn 0.0000000e+0 1.00000000 0.0000000e+0
vn 0.0000000e+0 1.00000000 0.0000000e+0
vn -0.96592583 0.0000000e+0 -0.25881905
vn -0.96592583 0.0000000e+0 -0.25881905
vn 0.0000000e+0 1.00000000 0.0000000e+0
vn 0.0000000e+0 1.00000000 0.0000000e+0
vn -0.86602540 0.0000000e+0 -0.50000000
vn -0.86602540 0.0000000e+0 -0.50000000
vn 0.0000000e+0 1.00000000 0.0000000e+0
vn 0.0000000e+0 1.00000000 0.0000000e+0
vn -0.70710678 0.0000000e+0 -0.70710678
vn -0.70710678 0.0000000e+0 -0.70710678
vn 0.0000000e+0 1.00000000 0.0000000e+0
vn 0.0000000e+0 1.00000000 0.0000000e+0
vn -0.50000000 0.0000000e+0 -0.86602540
vn -0.50000000 0.0000000e+0 -0.86602540
vn 0.0000000e+0 1.00000000 0.0000000e+0
vn 0.0000000e+0 1.00000000 0.0000000e+0
vn -0.25881905 0.0000000e+0 -0.96592583
vn -0.25881905 0.0000000e+0 -0.96592583
vn 0.0000000e+0 1.00000000 0.0000000e+0
vn 0.0000000e+0 1.00000000 0.0000000e+0
vn -3.2194339e-16 0.0000000e+0 -1.00000000
vn -3.2194339e-16 0.0000000e+0 -1.00000000
vn 0.0000000e+0 1.00000000 0.0000000e+0
vn 0.0000000e+0 1.00000000 0.0000000e+0
vn 0.25881905 0.0000000e+0 -0.96592583
vn 0.25881905 0.0000000e+0 -0.96592583
vn 0.0000000e+0 1.00000000 0.0000000e+0
vn 0.0000000e+0 1.00000000 0.0000000e+0
vn 0.50000000 0.0000000e+0 -0.86602540
vn 0.50000000 0.0000000e+0 -0.86602540
vn 0.0000000e+0 1.00000000 0.0000000e+0
vn 0.0000000e+0 1.00000000 0.0000000e+0
vn 0.70710678 0.0000000e+0 -0.70710678
vn 0.70710678 0.0000000e+0 -0.70710678
vn 0.0000000e+0 1.00000000 0.0000000e+0
vn 0.0000000e+0 1.00000000 0.0000000e+0
vn 0.86602540 0.0000000e+0 -0.50000000
vn 0.86602540 0.0000000e+0 -0.50000000
vn 0.0000000e+0 1.00000000 0.0000000e+0
vn 0.0000000e+0 1.00000000 0.0000000e+0
vn 0.96592583 0.0000000e+0 -0.25881905
vn 0.96592583 0.0000000e+0 -0.25881905
vn 0.0000000e+0 1.00000000 0.0000000e+0
vn 0.0000000e+0 1.00000000 0.0000000e+0
vn 1.00000000 0.0000000e+0 2.2396062e-16
vn 1.00000000 0.0000000e+0 2.2396062e-16
vn 0.96592583 0.0000000e+0 0.25881905
vn 0.96592583 0.0000000e+0 0.25881905
vn 0.86602540 0.0000000e+0 0.50000000
vn 0.86602540 0.0000000e+0 0.50000000
vn 0.70710678 0.0000000e+0 0.70710678
vn 0.70710678 0.0000000e+0 0.70710678
vn 0.50000000 0.0000000e+0 0.86602540
vn 0.50000000 0.0000000e+0 0.86602540
vn 0.25881905 0.0000000e+0 0.96592583
vn 0.25881905 0.0000000e+0 0.96592583
vn 2.3795816e-16 0.0000000e+0 1.00000000
