# Exported from Wings 3D 1.5.4
mtllib ./short s1 naked.mtl
o 6
#186 vertices, 136 faces
v 0.26004809 -0.32500000 -0.60041651
v 0.23504809 -0.32500000 -0.55711524
v 0.26004809 -7.5000000e-2 -0.60041651
v 0.23504809 -7.5000000e-2 -0.55711524
v 0.38995191 -0.32500000 -0.52541651
v 0.36495191 -0.32500000 -0.48211524
v 0.38995191 -7.5000000e-2 -0.52541651
v 0.36495191 -7.5000000e-2 -0.48211524
v -0.51265242 -0.52500000 -0.40658640
v -0.47729708 -0.52500000 -0.37123106
v -0.51265242 -0.35000000 -0.40658640
v -0.47729708 -0.35000000 -0.37123106
v -0.40658640 -0.52500000 -0.51265242
v -0.37123106 -0.52500000 -0.47729708
v -0.38890873 -0.35000000 -0.53033009
v -0.35355339 -0.35000000 -0.49497475
v 0.51265242 -0.52500000 0.40658640
v 0.47729708 -0.52500000 0.37123106
v 0.51265242 -0.35000000 0.40658640
v 0.47729708 -0.35000000 0.37123106
v 0.40658640 -0.52500000 0.51265242
v 0.37123106 -0.52500000 0.47729708
v 0.38890873 -0.35000000 0.53033009
v 0.35355339 -0.35000000 0.49497475
v -0.60844036 0.28750000 0.24067682
v -0.56014407 0.28750000 0.22773586
v -0.60844036 0.53750000 0.24067682
v -0.56014407 0.53750000 0.22773586
v -0.64726322 0.28750000 9.5787942e-2
v -0.59896692 0.28750000 8.2846990e-2
v -0.64726322 0.53750000 9.5787942e-2
v -0.59896692 0.53750000 8.2846990e-2
v 0.60844036 0.28750000 -0.24067682
v 0.56014407 0.28750000 -0.22773586
v 0.60844036 0.53750000 -0.24067682
v 0.56014407 0.53750000 -0.22773586
v 0.64726322 0.28750000 -9.5787942e-2
v 0.59896692 0.28750000 -8.2846990e-2
v 0.64726322 0.53750000 -9.5787942e-2
v 0.59896692 0.53750000 -8.2846990e-2
v -0.32002677 0.48750000 -0.51973448
v -0.32666984 0.45625000 -0.51463707
v -0.34481906 0.43337341 -0.50071069
v -0.36961135 0.42500000 -0.48168689
v -0.39440364 0.43337341 -0.46266310
v -0.41255286 0.45625000 -0.44873671
v -0.41919594 0.48750000 -0.44363930
v -0.41255286 0.51875000 -0.44873671
v -0.39440364 0.54162659 -0.46266310
v -0.36961135 0.55000000 -0.48168689
v -0.34481906 0.54162659 -0.50071069
v -0.32666984 0.51875000 -0.51463707
v -0.34285532 0.48750000 -0.54948523
v -0.34949840 0.45625000 -0.54438782
v -0.36764761 0.43337341 -0.53046144
v -0.39243990 0.42500000 -0.51143764
v -0.41723220 0.43337341 -0.49241385
v -0.43538141 0.45625000 -0.47848746
v -0.44202449 0.48750000 -0.47339005
v -0.43538141 0.51875000 -0.47848746
v -0.41723220 0.54162659 -0.49241385
v -0.39243990 0.55000000 -0.51143764
v -0.36764761 0.54162659 -0.53046144
v -0.34949840 0.51875000 -0.54438782
v -0.39243990 0.48750000 -0.51143764
v 0.62500000 0.62500000 -1.2576745e-17
v 0.60370364 0.62500000 0.16176190
v 0.54126588 0.62500000 0.31250000
v 0.44194174 0.62500000 0.44194174
v 0.31250000 0.62500000 0.54126588
v 0.16176190 0.62500000 0.60370364
v -1.3771492e-17 0.62500000 0.62500000
v -0.16176190 0.62500000 0.60370364
v -0.31250000 0.62500000 0.54126588
v -0.44194174 0.62500000 0.44194174
v -0.54126588 0.62500000 0.31250000
v -0.60370364 0.62500000 0.16176190
v -0.62500000 0.62500000 6.3963680e-17
v -0.60370364 0.62500000 -0.16176190
v -0.54126588 0.62500000 -0.31250000
v -0.44194174 0.62500000 -0.44194174
v -0.31250000 0.62500000 -0.54126588
v -0.16176190 0.62500000 -0.60370364
v -1.6685234e-16 0.62500000 -0.62500000
v 0.16176190 0.62500000 -0.60370364
v 0.31250000 0.62500000 -0.54126588
v 0.44194174 0.62500000 -0.44194174
v 0.54126588 0.62500000 -0.31250000
v 0.60370364 0.62500000 -0.16176190
v 0.62500000 -0.62500000 -1.2576745e-17
v 0.60370364 -0.62500000 0.16176190
v 0.54126588 -0.62500000 0.31250000
v 0.44194174 -0.62500000 0.44194174
v 0.31250000 -0.62500000 0.54126588
v 0.16176190 -0.62500000 0.60370364
v -1.3771492e-17 -0.62500000 0.62500000
v -0.16176190 -0.62500000 0.60370364
v -0.31250000 -0.62500000 0.54126588
v -0.44194174 -0.62500000 0.44194174
v -0.54126588 -0.62500000 0.31250000
v -0.60370364 -0.62500000 0.16176190
v -0.62500000 -0.62500000 6.3963680e-17
v -0.60370364 -0.62500000 -0.16176190
v -0.54126588 -0.62500000 -0.31250000
v -0.44194174 -0.62500000 -0.44194174
v -0.31250000 -0.62500000 -0.54126588
v -0.16176190 -0.62500000 -0.60370364
v -1.6685234e-16 -0.62500000 -0.62500000
v 0.16176190 -0.62500000 -0.60370364
v 0.31250000 -0.62500000 -0.54126588
v 0.44194174 -0.62500000 -0.44194174
v 0.54126588 -0.62500000 -0.31250000
v 0.60370364 -0.62500000 -0.16176190
v 0.60370364 0.0000000e+0 -0.16176190
v 0.54126588 0.0000000e+0 -0.31250000
v 0.44194174 0.0000000e+0 -0.44194174
v 0.31250000 0.0000000e+0 -0.54126588
v 0.16176190 0.0000000e+0 -0.60370364
v -1.6685234e-16 0.0000000e+0 -0.62500000
v -0.16176190 0.0000000e+0 -0.60370364
v -0.31250000 0.0000000e+0 -0.54126588
v -0.44194174 0.0000000e+0 -0.44194174
v -0.54126588 0.0000000e+0 -0.31250000
v -0.60370364 0.0000000e+0 -0.16176190
v -0.62500000 0.0000000e+0 6.3963680e-17
v -0.60370364 0.0000000e+0 0.16176190
v -0.54126588 0.0000000e+0 0.31250000
v -0.44194174 0.0000000e+0 0.44194174
v -0.31250000 0.0000000e+0 0.54126588
v -0.16176190 0.0000000e+0 0.60370364
v -1.3771492e-17 0.0000000e+0 0.62500000
v 0.16176190 0.0000000e+0 0.60370364
v 0.31250000 0.0000000e+0 0.54126588
v 0.44194174 0.0000000e+0 0.44194174
v 0.54126588 0.0000000e+0 0.31250000
v 0.60370364 0.0000000e+0 0.16176190
v 0.62500000 0.0000000e+0 -1.2576745e-17
v 0.32002677 0.48750000 0.51973448
v 0.32666984 0.45625000 0.51463707
v 0.34481906 0.43337341 0.50071069
v 0.36961135 0.42500000 0.48168689
v 0.39440364 0.43337341 0.46266310
v 0.41255286 0.45625000 0.44873671
v 0.41919594 0.48750000 0.44363930
v 0.41255286 0.51875000 0.44873671
v 0.39440364 0.54162659 0.46266310
v 0.36961135 0.55000000 0.48168689
v 0.34481906 0.54162659 0.50071069
v 0.32666984 0.51875000 0.51463707
v 0.34285532 0.48750000 0.54948523
v 0.34949840 0.45625000 0.54438782
v 0.36764761 0.43337341 0.53046144
v 0.39243990 0.42500000 0.51143764
v 0.41723220 0.43337341 0.49241385
v 0.43538141 0.45625000 0.47848746
v 0.44202449 0.48750000 0.47339005
v 0.43538141 0.51875000 0.47848746
v 0.41723220 0.54162659 0.49241385
v 0.39243990 0.55000000 0.51143764
v 0.36764761 0.54162659 0.53046144
v 0.34949840 0.51875000 0.54438782
v 0.39243990 0.48750000 0.51143764
v -0.46177557 -0.15000000 0.45716077
v -0.43202482 -0.15000000 0.43433222
v -0.46177557 -7.5000000e-2 0.45716077
v -0.43202482 -7.5000000e-2 0.43433222
v -0.50743268 -0.15000000 0.39765927
v -0.47768193 -0.15000000 0.37483072
v -0.50743268 -7.5000000e-2 0.39765927
v -0.47768193 -7.5000000e-2 0.37483072
v 0.46177557 -0.15000000 -0.45716077
v 0.43202482 -0.15000000 -0.43433222
v 0.46177557 -7.5000000e-2 -0.45716077
v 0.43202482 -7.5000000e-2 -0.43433222
v 0.50743268 -0.15000000 -0.39765927
v 0.47768193 -0.15000000 -0.37483072
v 0.50743268 -7.5000000e-2 -0.39765927
v 0.47768193 -7.5000000e-2 -0.37483072
v -0.26004809 -0.32500000 0.60041651
v -0.23504809 -0.32500000 0.55711524
v -0.26004809 -7.5000000e-2 0.60041651
v -0.23504809 -7.5000000e-2 0.55711524
v -0.38995191 -0.32500000 0.52541651
v -0.36495191 -0.32500000 0.48211524
v -0.38995191 -7.5000000e-2 0.52541651
v -0.36495191 -7.5000000e-2 0.48211524
vt 1.0327281e-2 0.72607111
vt 1.0327281e-2 0.72607111
vt 1.0327281e-2 0.84803575
vt 1.0327281e-2 0.84803575
vt 4.2178094e-2 0.72607111
vt 4.2178094e-2 0.84803575
vt 4.2178094e-2 0.84803575
vt 7.4028906e-2 0.72607111
vt 7.4028906e-2 0.72607111
vt 7.4028906e-2 0.84803575
vt 0.10587972 0.72607111
vt 0.10587972 0.72607111
vt 0.10587972 0.84803575
vt 0.10587972 0.84803575
vt 0.13773053 0.72607111
vt 0.13773053 0.72607111
vt 0.13773053 0.84803575
vt 0.13773053 0.84803575
vt 0.16958134 0.72607111
vt 0.16958134 0.72607111
vt 0.16958134 0.84803575
vt 0.20143216 0.72607111
vt 0.20143216 0.72607111
vt 0.20143216 0.84803575
vt 0.23328297 0.72607111
vt 0.23328297 0.84803575
vt 0.23328297 0.72607111
vt 0.23328297 0.84803575
vt 0.26503308 0.72607111
vt 0.26503308 0.72607111
vt 0.26503308 0.84803575
vt 0.26503308 0.84803575
vt 0.29698460 0.72607111
vt 0.29698460 0.72607111
vt 0.29698460 0.84803575
vt 0.29698460 0.84803575
vt 0.32883541 0.72607111
vt 0.32883541 0.72607111
vt 0.32883541 0.84803575
vt 0.32883541 0.84803575
vt 0.36068622 0.72607111
vt 0.36068622 0.72607111
vt 0.36068622 0.84803575
vt 0.39299319 0.72607111
vt 0.39299319 0.72607111
vt 0.39299319 0.84803575
vt 0.39299319 0.84803575
vt 0.41264015 0.72607111
vt 0.41264015 0.72607111
vt 0.41264015 0.84803575
vt 0.41264015 0.84803575
vt 0.44449097 0.72607111
vt 0.44449097 0.72607111
vt 0.44449097 0.84803575
vt 0.44449097 0.84803575
vt 0.47634178 0.72607111
vt 0.47634178 0.84803575
vt 0.47634178 0.72607111
vt 0.47634178 0.84803575
vt 0.50819259 0.72607111
vt 0.50819259 0.84803575
vt 0.50819259 0.84803575
vt 0.54004340 0.72607111
vt 0.54004340 0.72607111
vt 0.54004340 0.84803575
vt 0.54004340 0.84803575
vt 0.57189422 0.72607111
vt 0.57189422 0.84803575
vt 0.57189422 0.72607111
vt 0.57189422 0.84803575
vt 0.60374503 0.72607111
vt 0.60374503 0.72607111
vt 0.60374503 0.84803575
vt 0.60374503 0.84803575
vt 0.63559584 0.72607111
vt 0.63559584 0.72607111
vt 0.63559584 0.84803575
vt 0.63559584 0.84803575
vt 0.66744665 0.72607111
vt 0.66744665 0.84803575
vt 0.69929747 0.72607111
vt 0.69929747 0.84803575
vt 0.69929747 0.72607111
vt 0.69929747 0.84803575
vt 0.73114828 0.84803575
vt 0.73114828 0.72607111
vt 0.73114828 0.72607111
vt 0.73114828 0.84803575
vt 0.76299909 0.72607111
vt 0.76299909 0.72607111
vt 0.76299909 0.84803575
vt 0.79451930 0.72607111
vt 0.79451930 0.84803575
vt 0.79451930 0.72607111
vt 0.79451930 0.84803575
vt 0.81538682 0.96897912
vt 0.81539302 0.97277317
vt 0.81540431 0.97276552
vt 0.81541052 0.96898677
vt 0.81702365 0.96293124
vt 0.81702461 0.97880573
vt 0.81702986 0.97882104
vt 0.81703082 0.96294656
vt 0.81888583 0.95970599
vt 0.81888984 0.98207220
vt 0.81889203 0.98204630
vt 0.81889604 0.95968009
vt 0.82240507 0.97087888
vt 0.82241128 0.97087341
vt 0.82330519 0.95526466
vt 0.82331139 0.98648762
vt 0.82332822 0.98650322
vt 0.82333442 0.95524906
vt 0.82402589 0.97692762
vt 0.82403209 0.96482467
vt 0.82403381 0.96482851
vt 0.82404002 0.97692377
vt 0.82656413 0.98837155
vt 0.82657033 0.95338074
vt 0.82659311 0.95338673
vt 0.82659932 0.98836556
vt 0.82845707 0.98135657
vt 0.82845937 0.96039295
vt 0.82846328 0.96039571
vt 0.82846558 0.98135933
vt 0.83262064 0.99000000
vt 0.83262684 0.95175229
vt 0.83263429 0.95177006
vt 0.83264050 0.98998223
vt 0.83450820 0.95877246
vt 0.83450820 0.97087614
vt 0.83450820 0.98297983
vt 0.83451440 0.95877246
vt 0.83451440 0.97087614
vt 0.83451440 0.98297983
vt 0.85595417 0.93114541
vt 0.85595417 0.93114541
vt 0.85595417 0.97997436
vt 0.85595417 0.97997436
vt 0.86571491 0.93114541
vt 0.86571491 0.97997436
vt 0.86571491 0.92035440
vt 0.86571491 0.92035440
vt 0.86571491 0.93114541
vt 0.86571491 0.97997436
vt 0.86571491 0.99032863
vt 0.86571491 0.99032863
vt 0.89293617 0.38323824
vt 0.89293617 0.43211651
vt 0.89297109 0.38323824
vt 0.89297109 0.43211651
vt 0.89404437 0.92035440
vt 0.89404437 0.92035440
vt 0.89404437 0.93114541
vt 0.89404437 0.93114541
vt 0.89404437 0.97997436
vt 0.89404437 0.97997436
vt 0.89404437 0.99032863
vt 0.89404437 0.99032863
vt 0.90269691 0.38323824
vt 0.90269691 0.43211651
vt 0.90273183 0.37244722
vt 0.90273183 0.38323824
vt 0.90273183 0.43211651
vt 0.90273183 0.44247078
vt 0.90380511 0.93114541
vt 0.90380511 0.97997436
vt 0.90380511 0.93114541
vt 0.90380511 0.97997436
vt 0.92291881 0.96717431
vt 0.92291881 0.98194708
vt 0.92291881 0.96717431
vt 0.92291881 0.98194708
vt 0.93020740 0.96717431
vt 0.93020740 0.98194708
vt 0.93020740 0.98923567
vt 0.93020740 0.95988572
vt 0.93020740 0.95988572
vt 0.93020740 0.96717431
vt 0.93020740 0.98194708
vt 0.93020740 0.98923567
vt 0.93106130 0.37244722
vt 0.93106130 0.38323824
vt 0.93106130 0.43211651
vt 0.93106130 0.44247078
vt 0.93711021 0.39875113
vt 0.93711021 0.39875113
vt 0.93712050 0.43302304
vt 0.93712050 0.43302304
vt 0.94487291 0.95988572
vt 0.94487291 0.96717431
vt 0.94487291 0.98194708
vt 0.94487291 0.98923567
vt 0.94487291 0.95988572
vt 0.94487291 0.96717431
vt 0.94487291 0.98194708
vt 0.94487291 0.98923567
vt 0.94688843 0.44245566
vt 0.94688843 0.44245566
vt 0.94688988 0.39875433
vt 0.94688988 0.39875433
vt 0.94688988 0.43301991
vt 0.94688988 0.43301991
vt 0.94689669 0.38899604
vt 0.94689669 0.38899604
vt 0.95216149 0.96717431
vt 0.95216149 0.98194708
vt 0.95216149 0.96717431
vt 0.95216149 0.98194708
vt 0.97619500 0.43302339
vt 0.97619500 0.43302339
vt 0.97620110 0.44246674
vt 0.97620110 0.44246674
vt 0.98107961 0.38898652
vt 0.98107961 0.38898652
vt 0.98108034 0.39875245
vt 0.98108034 0.39875245
vt 0.98585581 0.43440306
vt 0.98585581 0.43440306
vt 0.99075030 0.40013694
vt 0.99075030 0.40013694
vn 0.79335334 -2.0114280e-16 -0.60876143
vn 0.68706415 -0.50000000 -0.52720286
vn 0.39667667 -0.86602540 -0.30438071
vn 2.2987749e-16 -1.00000000 -3.4481624e-16
vn -0.39667667 -0.86602540 0.30438071
vn -0.68706415 -0.50000000 0.52720286
vn -0.79335334 -2.2987749e-16 0.60876143
vn -0.68706415 0.50000000 0.52720286
vn -0.39667667 0.86602540 0.30438071
vn 3.7355092e-16 1.00000000 -3.4481624e-16
vn 0.39667667 0.86602540 -0.30438071
vn 0.68706415 0.50000000 -0.52720286
vn -0.60876143 -1.4462450e-30 -0.79335334
vn 0.96592583 0.0000000e+0 -0.25881905
vn 0.86602540 0.0000000e+0 -0.50000000
vn 0.70710678 0.0000000e+0 -0.70710678
vn 0.50000000 0.0000000e+0 -0.86602540
vn 0.25881905 0.0000000e+0 -0.96592583
vn -4.6191878e-16 0.0000000e+0 -1.00000000
vn -0.25881905 0.0000000e+0 -0.96592583
vn -0.50000000 0.0000000e+0 -0.86602540
vn -0.70710678 0.0000000e+0 -0.70710678
vn -0.86602540 0.0000000e+0 -0.50000000
vn -0.96592583 0.0000000e+0 -0.25881905
vn -1.00000000 0.0000000e+0 5.5990155e-16
vn -0.96592583 0.0000000e+0 0.25881905
vn -0.86602540 0.0000000e+0 0.50000000
vn -0.70710678 0.0000000e+0 0.70710678
vn -0.50000000 0.0000000e+0 0.86602540
vn -0.25881905 0.0000000e+0 0.96592583
vn 3.0794585e-16 0.0000000e+0 1.00000000
vn 0.25881905 0.0000000e+0 0.96592583
vn 0.50000000 0.0000000e+0 0.86602540
vn 0.70710678 0.0000000e+0 0.70710678
vn 0.86602540 0.0000000e+0 0.50000000
vn 0.96592583 0.0000000e+0 0.25881905
vn 1.00000000 0.0000000e+0 -1.2597785e-16
vn -0.79335334 -1.3505303e-15 0.60876143
vn -0.68706415 -0.50000000 0.52720286
vn -0.39667667 -0.86602540 0.30438071
vn -1.5804077e-16 -1.00000000 -1.7240812e-16
vn 0.39667667 -0.86602540 -0.30438071
vn 0.68706415 -0.50000000 -0.52720286
vn 0.79335334 -2.2987749e-16 -0.60876143
vn 0.68706415 0.50000000 -0.52720286
vn 0.39667667 0.86602540 -0.30438071
vn -3.5918358e-16 1.00000000 3.3044889e-16
vn -0.39667667 0.86602540 0.30438071
vn -0.68706415 0.50000000 0.52720286
vn 0.60876143 -4.8109664e-16 0.79335334
vn 0.0000000e+0 -1.00000000 0.0000000e+0
vn 0.50000000 0.0000000e+0 -0.86602540
vn -0.86602540 0.0000000e+0 -0.50000000
vn 0.0000000e+0 -1.00000000 0.0000000e+0
vn -0.86602540 0.0000000e+0 -0.50000000
vn 0.0000000e+0 1.00000000 0.0000000e+0
vn 0.50000000 0.0000000e+0 -0.86602540
vn -0.86602540 0.0000000e+0 -0.50000000
vn 0.0000000e+0 1.00000000 0.0000000e+0
vn -0.86602540 0.0000000e+0 -0.50000000
vn 0.0000000e+0 -1.00000000 0.0000000e+0
vn 0.50000000 0.0000000e+0 -0.86602540
vn 0.86602540 0.0000000e+0 0.50000000
vn 0.0000000e+0 -1.00000000 0.0000000e+0
vn 0.86602540 0.0000000e+0 0.50000000
vn 0.0000000e+0 1.00000000 0.0000000e+0
vn 0.50000000 0.0000000e+0 -0.86602540
vn 0.86602540 0.0000000e+0 0.50000000
vn 0.0000000e+0 1.00000000 0.0000000e+0
vn 0.86602540 0.0000000e+0 0.50000000
vn 0.0000000e+0 -1.00000000 0.0000000e+0
vn -0.70710678 -9.1501898e-17 -0.70710678
vn -0.70710678 0.0000000e+0 0.70710678
vn 0.0000000e+0 -1.00000000 0.0000000e+0
vn -0.70710678 0.0000000e+0 0.70710678
vn 0.0000000e+0 1.00000000 0.0000000e+0
vn -0.70710678 -9.1501898e-17 -0.70710678
vn -0.70710678 0.0000000e+0 0.70710678
vn 0.0000000e+0 1.00000000 0.0000000e+0
vn -0.70710678 0.0000000e+0 0.70710678
vn 0.0000000e+0 -1.00000000 0.0000000e+0
vn -0.70710678 -9.1501898e-17 -0.70710678
vn 0.70000000 -0.14142136 -0.70000000
vn 0.0000000e+0 -1.00000000 0.0000000e+0
vn 0.70000000 -0.14142136 -0.70000000
vn 0.0000000e+0 1.00000000 0.0000000e+0
vn -0.70710678 -9.1501898e-17 -0.70710678
vn 0.70000000 -0.14142136 -0.70000000
vn 0.0000000e+0 1.00000000 0.0000000e+0
vn 0.70000000 -0.14142136 -0.70000000
vn 0.0000000e+0 -1.00000000 0.0000000e+0
vn 0.70710678 -1.2200253e-16 0.70710678
vn 0.70710678 0.0000000e+0 -0.70710678
vn 0.0000000e+0 -1.00000000 0.0000000e+0
vn 0.70710678 0.0000000e+0 -0.70710678
vn 0.0000000e+0 1.00000000 0.0000000e+0
vn 0.70710678 -1.2200253e-16 0.70710678
vn 0.70710678 0.0000000e+0 -0.70710678
vn 0.0000000e+0 1.00000000 0.0000000e+0
vn 0.70710678 0.0000000e+0 -0.70710678
vn 0.0000000e+0 -1.00000000 0.0000000e+0
vn 0.70710678 -1.2200253e-16 0.70710678
vn -0.70000000 -0.14142136 0.70000000
vn 0.0000000e+0 -1.00000000 0.0000000e+0
vn -0.70000000 -0.14142136 0.70000000
vn 0.0000000e+0 1.00000000 0.0000000e+0
vn 0.70710678 -1.2200253e-16 0.70710678
vn -0.70000000 -0.14142136 0.70000000
vn 0.0000000e+0 1.00000000 0.0000000e+0
vn -0.70000000 -0.14142136 0.70000000
vn -9.5782288e-17 -1.00000000 -3.5746436e-16
vn -0.96592583 -2.6599093e-16 0.25881905
vn 0.25881905 -2.1684043e-16 0.96592583
vn -9.5782288e-17 -1.00000000 -3.5746436e-16
vn 0.25881905 -2.1684043e-16 0.96592583
vn 0.0000000e+0 1.00000000 0.0000000e+0
vn -0.96592583 -2.6599093e-16 0.25881905
vn 0.25881905 -2.1684043e-16 0.96592583
vn 0.0000000e+0 1.00000000 0.0000000e+0
vn 0.25881905 -2.1684043e-16 0.96592583
vn -9.5782288e-17 -1.00000000 -3.5746436e-16
vn -0.96592583 -2.6599093e-16 0.25881905
vn -0.25881905 4.3368087e-17 -0.96592583
vn -9.5782288e-17 -1.00000000 -3.5746436e-16
vn -0.25881905 4.3368087e-17 -0.96592583
vn 0.0000000e+0 1.00000000 0.0000000e+0
vn -0.96592583 -2.6599093e-16 0.25881905
vn -0.25881905 4.3368087e-17 -0.96592583
vn 0.0000000e+0 1.00000000 0.0000000e+0
vn -0.25881905 4.3368087e-17 -0.96592583
vn 0.0000000e+0 -1.00000000 0.0000000e+0
vn 0.96592583 -2.1973164e-16 -0.25881905
vn -0.25881905 0.0000000e+0 -0.96592583
vn 0.0000000e+0 -1.00000000 0.0000000e+0
vn -0.25881905 0.0000000e+0 -0.96592583
vn 0.0000000e+0 1.00000000 0.0000000e+0
vn 0.96592583 -2.1973164e-16 -0.25881905
vn -0.25881905 0.0000000e+0 -0.96592583
vn 0.0000000e+0 1.00000000 0.0000000e+0
vn -0.25881905 0.0000000e+0 -0.96592583
vn 0.0000000e+0 -1.00000000 0.0000000e+0
vn 0.96592583 -2.1973164e-16 -0.25881905
vn 0.25881905 -1.1275703e-16 0.96592583
vn 0.0000000e+0 -1.00000000 0.0000000e+0
vn 0.25881905 -1.1275703e-16 0.96592583
vn 0.0000000e+0 1.00000000 0.0000000e+0
vn 0.96592583 -2.1973164e-16 -0.25881905
vn 0.25881905 -1.1275703e-16 0.96592583
vn 0.0000000e+0 1.00000000 0.0000000e+0
vn 0.25881905 -1.1275703e-16 0.96592583
vn 0.79335334 -2.0114280e-16 -0.60876143
vn 0.79335334 -2.0114280e-16 -0.60876143
vn -0.60876143 -2.7610132e-30 -0.79335334
vn -0.60876143 -2.7610132e-30 -0.79335334
vn 0.68706415 -0.50000000 -0.52720286
vn 0.68706415 -0.50000000 -0.52720286
vn -0.60876143 -1.1102230e-16 -0.79335334
vn -0.60876143 -1.1102230e-16 -0.79335334
vn 0.39667667 -0.86602540 -0.30438071
vn 0.39667667 -0.86602540 -0.30438071
vn -0.60876143 8.8817842e-16 -0.79335334
vn -0.60876143 8.8817842e-16 -0.79335334
vn 2.2987749e-16 -1.00000000 -3.4481624e-16
vn 2.2987749e-16 -1.00000000 -3.4481624e-16
vn -0.60876143 0.0000000e+0 -0.79335334
vn -0.60876143 0.0000000e+0 -0.79335334
vn -0.39667667 -0.86602540 0.30438071
vn -0.39667667 -0.86602540 0.30438071
vn -0.60876143 -4.4408921e-16 -0.79335334
vn -0.60876143 -4.4408921e-16 -0.79335334
vn -0.68706415 -0.50000000 0.52720286
vn -0.68706415 -0.50000000 0.52720286
vn -0.60876143 -1.3805066e-30 -0.79335334
vn -0.60876143 -1.3805066e-30 -0.79335334
vn -0.79335334 -2.2987749e-16 0.60876143
vn -0.79335334 -2.2987749e-16 0.60876143
vn -0.60876143 8.8817842e-16 -0.79335334
vn -0.60876143 8.8817842e-16 -0.79335334
vn -0.68706415 0.50000000 0.52720286
vn -0.68706415 0.50000000 0.52720286
vn -0.60876143 -1.3805066e-30 -0.79335334
vn -0.60876143 -1.3805066e-30 -0.79335334
vn -0.39667667 0.86602540 0.30438071
vn -0.39667667 0.86602540 0.30438071
vn -0.60876143 -4.4408921e-16 -0.79335334
vn -0.60876143 -4.4408921e-16 -0.79335334
vn 3.7355092e-16 1.00000000 -3.4481624e-16
vn 3.7355092e-16 1.00000000 -3.4481624e-16
vn -0.60876143 0.0000000e+0 -0.79335334
vn -0.60876143 0.0000000e+0 -0.79335334
vn 0.39667667 0.86602540 -0.30438071
vn 0.39667667 0.86602540 -0.30438071
vn -0.60876143 -8.8817842e-16 -0.79335334
vn -0.60876143 -8.8817842e-16 -0.79335334
vn 0.68706415 0.50000000 -0.52720286
vn 0.68706415 0.50000000 -0.52720286
vn -0.60876143 1.1102230e-16 -0.79335334
vn -0.60876143 1.1102230e-16 -0.79335334
vn 1.00000000 0.0000000e+0 -1.2597785e-16
vn 1.00000000 0.0000000e+0 -1.2597785e-16
vn 0.96592583 0.0000000e+0 0.25881905
vn 0.96592583 0.0000000e+0 0.25881905
vn 0.86602540 0.0000000e+0 0.50000000
vn 0.86602540 0.0000000e+0 0.50000000
vn 0.70710678 0.0000000e+0 0.70710678
vn 0.70710678 0.0000000e+0 0.70710678
vn 0.50000000 0.0000000e+0 0.86602540
vn 0.50000000 0.0000000e+0 0.86602540
vn 0.25881905 0.0000000e+0 0.96592583
vn 0.25881905 0.0000000e+0 0.96592583
vn 3.0794585e-16 0.0000000e+0 1.00000000
vn 3.0794585e-16 0.0000000e+0 1.00000000
vn -0.25881905 0.0000000e+0 0.96592583
vn -0.25881905 0.0000000e+0 0.96592583
vn -0.50000000 0.0000000e+0 0.86602540
vn -0.50000000 0.0000000e+0 0.86602540
vn -0.70710678 0.0000000e+0 0.70710678
vn -0.70710678 0.0000000e+0 0.70710678
vn -0.86602540 0.0000000e+0 0.50000000
vn -0.86602540 0.0000000e+0 0.50000000
vn -0.96592583 0.0000000e+0 0.25881905
vn -0.96592583 0.0000000e+0 0.25881905
vn -1.00000000 0.0000000e+0 5.5990155e-16
vn -1.00000000 0.0000000e+0 5.5990155e-16
vn -0.96592583 0.0000000e+0 -0.25881905
vn -0.96592583 0.0000000e+0 -0.25881905
vn -0.86602540 0.0000000e+0 -0.50000000
vn -0.86602540 0.0000000e+0 -0.50000000
vn -0.70710678 0.0000000e+0 -0.70710678
vn -0.70710678 0.0000000e+0 -0.70710678
vn -0.50000000 0.0000000e+0 -0.86602540
vn -0.50000000 0.0000000e+0 -0.86602540
vn -0.25881905 0.0000000e+0 -0.96592583
vn -0.25881905 0.0000000e+0 -0.96592583
vn -4.6191878e-16 0.0000000e+0 -1.00000000
vn -4.6191878e-16 0.0000000e+0 -1.00000000
vn 0.25881905 0.0000000e+0 -0.96592583
vn 0.25881905 0.0000000e+0 -0.96592583
vn 0.50000000 0.0000000e+0 -0.86602540
vn 0.50000000 0.0000000e+0 -0.86602540
vn 0.70710678 0.0000000e+0 -0.70710678
vn 0.70710678 0.0000000e+0 -0.70710678
vn 0.86602540 0.0000000e+0 -0.50000000
vn 0.86602540 0.0000000e+0 -0.50000000
vn 0.96592583 0.0000000e+0 -0.25881905
vn 0.96592583 0.0000000e+0 -0.25881905
vn 1.00000000 0.0000000e+0 -1.2597785e-16
vn 1.00000000 0.0000000e+0 -1.2597785e-16
vn 0.96592583 0.0000000e+0 0.25881905
vn 0.96592583 0.0000000e+0 0.25881905
vn 0.86602540 0.0000000e+0 0.50000000
vn 0.86602540 0.0000000e+0 0.50000000
vn 0.70710678 0.0000000e+0 0.70710678
vn 0.70710678 0.0000000e+0 0.70710678
vn 0.50000000 0.0000000e+0 0.86602540
vn 0.50000000 0.0000000e+0 0.86602540
vn 0.25881905 0.0000000e+0 0.96592583
vn 0.25881905 0.0000000e+0 0.96592583
vn 3.0794585e-16 0.0000000e+0 1.00000000
vn 3.0794585e-16 0.0000000e+0 1.00000000
vn -0.25881905 0.0000000e+0 0.96592583
vn -0.25881905 0.0000000e+0 0.96592583
vn -0.50000000 0.0000000e+0 0.86602540
vn -0.50000000 0.0000000e+0 0.86602540
vn -0.70710678 0.0000000e+0 0.70710678
vn -0.70710678 0.0000000e+0 0.70710678
vn -0.86602540 0.0000000e+0 0.50000000
vn -0.86602540 0.0000000e+0 0.50000000
vn -0.96592583 0.0000000e+0 0.25881905
vn -0.96592583 0.0000000e+0 0.25881905
vn -1.00000000 0.0000000e+0 5.5990155e-16
vn -1.00000000 0.0000000e+0 5.5990155e-16
vn -0.96592583 0.0000000e+0 -0.25881905
vn -0.96592583 0.0000000e+0 -0.25881905
vn -0.86602540 0.0000000e+0 -0.50000000
vn -0.86602540 0.0000000e+0 -0.50000000
vn -0.70710678 0.0000000e+0 -0.70710678
vn -0.70710678 0.0000000e+0 -0.70710678
vn -0.50000000 0.0000000e+0 -0.86602540
vn -0.50000000 0.0000000e+0 -0.86602540
vn -0.25881905 0.0000000e+0 -0.96592583
vn -0.25881905 0.0000000e+0 -0.96592583
vn -4.6191878e-16 0.0000000e+0 -1.00000000
vn -4.6191878e-16 0.0000000e+0 -1.00000000
vn 0.25881905 0.0000000e+0 -0.96592583
vn 0.25881905 0.0000000e+0 -0.96592583
vn 0.50000000 0.0000000e+0 -0.86602540
vn 0.50000000 0.0000000e+0 -0.86602540
vn 0.70710678 0.0000000e+0 -0.70710678
vn 0.70710678 0.0000000e+0 -0.70710678
vn 0.86602540 0.0000000e+0 -0.50000000
vn 0.86602540 0.0000000e+0 -0.50000000
vn 0.96592583 0.0000000e+0 -0.25881905
vn 0.96592583 0.0000000e+0 -0.25881905
vn -0.79335334 -1.3505303e-15 0.60876143
vn -0.79335334 -1.3505303e-15 0.60876143
vn 0.60876143 -6.6613381e-16 0.79335334
vn 0.60876143 -6.6613381e-16 0.79335334
vn -0.68706415 -0.50000000 0.52720286
vn -0.68706415 -0.50000000 0.52720286
vn 0.60876143 -3.6637360e-15 0.79335334
vn 0.60876143 -3.6637360e-15 0.79335334
vn -0.39667667 -0.86602540 0.30438071
vn -0.39667667 -0.86602540 0.30438071
vn 0.60876143 -8.8817842e-16 0.79335334
vn 0.60876143 -8.8817842e-16 0.79335334
vn -1.5804077e-16 -1.00000000 -1.7240812e-16
vn -1.5804077e-16 -1.00000000 -1.7240812e-16
vn 0.60876143 -1.3322676e-15 0.79335334
vn 0.60876143 -1.3322676e-15 0.79335334
vn 0.39667667 -0.86602540 -0.30438071
vn 0.39667667 -0.86602540 -0.30438071
vn 0.60876143 -2.6645353e-15 0.79335334
vn 0.60876143 -2.6645353e-15 0.79335334
vn 0.68706415 -0.50000000 -0.52720286
vn 0.68706415 -0.50000000 -0.52720286
vn 0.60876143 -2.2204460e-15 0.79335334
vn 0.60876143 -2.2204460e-15 0.79335334
vn 0.79335334 -2.2987749e-16 -0.60876143
vn 0.79335334 -2.2987749e-16 -0.60876143
vn 0.60876143 8.8817842e-16 0.79335334
vn 0.60876143 8.8817842e-16 0.79335334
vn 0.68706415 0.50000000 -0.52720286
vn 0.68706415 0.50000000 -0.52720286
vn 0.60876143 2.6645353e-15 0.79335334
vn 0.60876143 2.6645353e-15 0.79335334
vn 0.39667667 0.86602540 -0.30438071
vn 0.39667667 0.86602540 -0.30438071
vn 0.60876143 1.3322676e-15 0.79335334
vn 0.60876143 1.3322676e-15 0.79335334
vn -3.5918358e-16 1.00000000 3.3044889e-16
vn -3.5918358e-16 1.00000000 3.3044889e-16
vn 0.60876143 0.0000000e+0 0.79335334
vn 0.60876143 0.0000000e+0 0.79335334
vn -0.39667667 0.86602540 0.30438071
vn -0.39667667 0.86602540 0.30438071
vn 0.60876143 -8.8817842e-16 0.79335334
vn 0.60876143 -8.8817842e-16 0.79335334
vn -0.68706415 0.50000000 0.52720286
vn -0.68706415 0.50000000 0.52720286
vn 0.60876143 1.6653345e-15 0.79335334
vn 0.60876143 1.6653345e-15 0.79335334
vn 0.0000000e+0 -1.00000000 0.0000000e+0
vn -0.79335334 0.0000000e+0 0.60876143
vn 0.60876143 0.0000000e+0 0.79335334
vn 0.0000000e+0 -1.00000000 0.0000000e+0
vn 0.60876143 0.0000000e+0 0.79335334
vn 0.0000000e+0 1.00000000 0.0000000e+0
vn -0.79335334 0.0000000e+0 0.60876143
vn 0.60876143 0.0000000e+0 0.79335334
vn 0.0000000e+0 1.00000000 0.0000000e+0
vn 0.60876143 0.0000000e+0 0.79335334
vn 0.0000000e+0 -1.00000000 0.0000000e+0
vn -0.79335334 0.0000000e+0 0.60876143
vn -0.60876143 0.0000000e+0 -0.79335334
vn 0.0000000e+0 -1.00000000 0.0000000e+0
vn -0.60876143 0.0000000e+0 -0.79335334
vn 0.0000000e+0 1.00000000 0.0000000e+0
vn -0.79335334 0.0000000e+0 0.60876143
vn -0.60876143 0.0000000e+0 -0.79335334
vn 0.0000000e+0 1.00000000 0.0000000e+0
vn -0.60876143 0.0000000e+0 -0.79335334
vn 0.0000000e+0 -1.00000000 0.0000000e+0
vn 0.79335334 0.0000000e+0 -0.60876143
vn -0.60876143 0.0000000e+0 -0.79335334
vn 0.0000000e+0 -1.00000000 0.0000000e+0
vn -0.60876143 0.0000000e+0 -0.79335334
vn 0.0000000e+0 1.00000000 0.0000000e+0
vn 0.79335334 0.0000000e+0 -0.60876143
vn -0.60876143 0.0000000e+0 -0.79335334
vn 0.0000000e+0 1.00000000 0.0000000e+0
vn -0.60876143 0.0000000e+0 -0.79335334
vn 0.0000000e+0 -1.00000000 0.0000000e+0
vn 0.79335334 0.0000000e+0 -0.60876143
vn 0.60876143 0.0000000e+0 0.79335334
vn 0.0000000e+0 -1.00000000 0.0000000e+0
vn 0.60876143 0.0000000e+0 0.79335334
vn 0.0000000e+0 1.00000000 0.0000000e+0
vn 0.79335334 0.0000000e+0 -0.60876143
vn 0.60876143 0.0000000e+0 0.79335334
vn 0.0000000e+0 1.00000000 0.0000000e+0
vn 0.60876143 0.0000000e+0 0.79335334
vn 0.0000000e+0 -1.00000000 0.0000000e+0
vn -0.50000000 0.0000000e+0 0.86602540
vn 0.86602540 0.0000000e+0 0.50000000
vn 0.0000000e+0 -1.00000000 0.0000000e+0
vn 0.86602540 0.0000000e+0 0.50000000
vn 0.0000000e+0 1.00000000 0.0000000e+0
vn -0.50000000 0.0000000e+0 0.86602540
vn 0.86602540 0.0000000e+0 0.50000000
vn 0.0000000e+0 1.00000000 0.0000000e+0
vn 0.86602540 0.0000000e+0 0.50000000
vn 0.0000000e+0 -1.00000000 0.0000000e+0
vn -0.50000000 0.0000000e+0 0.86602540
vn -0.86602540 0.0000000e+0 -0.50000000
vn 0.0000000e+0 -1.00000000 0.0000000e+0
vn -0.86602540 0.0000000e+0 -0.50000000
vn 0.0000000e+0 1.00000000 0.0000000e+0
vn -0.50000000 0.0000000e+0 0.86602540
vn -0.86602540 0.0000000e+0 -0.50000000
vn 0.0000000e+0 1.00000000 0.0000000e+0
vn -0.86602540 0.0000000e+0 -0.50000000
g 6_6_auv
usemtl 6_auv
s 1
f 1/145/51 5/156/61 6/158/64 2/146/54
f 4/142/59 8/152/69 7/154/66 3/144/56
f 9/202/71 13/210/81 14/212/84 10/198/74
f 12/204/79 16/214/89 15/216/86 11/200/76
f 17/203/91 21/211/101 22/213/104 18/199/94
f 20/205/99 24/215/109 23/217/106 19/201/96
f 26/151/115 28/150/120 27/163/118 25/164/113
f 29/161/123 31/160/128 32/148/130 30/149/125
f 33/164/131 37/184/141 38/185/144 34/165/134
f 36/162/139 40/182/149 39/183/146 35/163/136
f 53/109/154 65/134/13 64/117/198
f 54/115/157 65/134/13 53/109/153
f 55/124/161 65/134/13 54/115/158
f 56/133/165 65/134/13 55/124/162
f 57/123/169 65/131/13 56/130/166
f 58/116/173 65/131/13 57/123/170
f 59/108/177 65/131/13 58/116/174
f 60/114/181 65/131/13 59/108/178
f 61/122/185 65/131/13 60/114/182
f 62/132/189 65/131/13 61/122/186
f 63/125/193 65/134/13 62/135/190
f 64/117/197 65/134/13 63/125/194
f 138/97/38 150/109/295 161/117/339 149/102/49
f 139/103/39 151/115/300 150/109/296 138/99/38
f 140/113/40 152/124/304 151/115/299 139/107/39
f 141/127/41 153/133/308 152/124/303 140/119/40
f 142/120/42 154/123/312 153/130/307 141/128/41
f 143/104/43 155/116/316 154/123/311 142/110/42
f 144/96/44 156/108/320 155/116/315 143/100/43
f 145/101/45 157/114/324 156/108/319 144/98/44
f 146/112/46 158/122/328 157/114/323 145/105/45
f 147/126/47 159/132/332 158/122/327 146/118/46
f 148/121/48 160/125/336 159/135/331 147/129/47
f 149/106/49 161/117/340 160/125/335 148/111/48
f 165/179/349 169/195/359 167/196/354 163/180/344
f 172/171/367 174/170/372 173/174/370 171/175/365
f 175/192/375 177/191/380 178/206/382 176/207/377
f 181/140/389 185/155/399 183/157/394 179/141/384
s 2
f 2/138/55 4/136/60 3/144/58 1/145/53
f 5/156/63 7/154/68 8/168/70 6/169/65
f 11/200/77 15/216/87 13/210/82 9/202/72
f 19/201/97 23/217/107 21/211/102 17/203/92
f 25/164/111 29/184/121 30/185/124 26/165/114
f 28/162/119 32/182/129 31/183/126 27/163/116
f 34/151/135 36/150/140 35/163/138 33/164/133
f 37/161/143 39/160/148 40/148/150 38/149/145
f 41/97/1 53/109/151 64/117/195 52/102/12
f 42/103/2 54/115/156 53/109/152 41/99/1
f 43/113/3 55/124/160 54/115/155 42/107/2
f 44/127/4 56/133/164 55/124/159 43/119/3
f 45/120/5 57/123/168 56/130/163 44/128/4
f 46/104/6 58/116/172 57/123/167 45/110/5
f 47/96/7 59/108/176 58/116/171 46/100/6
f 48/101/8 60/114/180 59/108/175 47/98/7
f 49/112/9 61/122/184 60/114/179 48/105/8
f 50/126/10 62/132/188 61/122/183 49/118/9
f 51/121/11 63/125/192 62/135/187 50/129/10
f 52/106/12 64/117/196 63/125/191 51/111/11
f 66/39/199 137/38/37 114/42/14 89/43/245
f 67/35/202 136/33/36 137/38/37 66/39/200
f 68/31/204 135/29/35 136/33/36 67/35/201
f 69/26/206 134/25/34 135/29/35 68/31/203
f 70/24/208 133/22/33 134/25/34 69/26/205
f 71/21/210 132/19/32 133/22/33 70/24/207
f 72/17/212 131/15/31 132/19/32 71/21/209
f 73/13/214 130/11/30 131/15/31 72/17/211
f 74/10/216 129/8/29 130/11/30 73/13/213
f 75/7/218 128/5/28 129/8/29 74/10/215
f 76/4/220 127/2/27 128/5/28 75/7/217
f 77/43/222 126/41/26 127/44/27 76/47/219
f 78/40/224 125/37/25 126/41/26 77/43/221
f 79/36/226 124/34/24 125/37/25 78/40/223
f 80/32/228 123/30/23 124/34/24 79/36/225
f 81/28/230 122/27/22 123/30/23 80/32/227
f 82/24/232 121/23/21 122/27/22 81/28/229
f 83/21/234 120/20/20 121/23/21 82/24/231
f 84/18/236 119/16/19 120/20/20 83/21/233
f 85/14/238 118/12/18 119/16/19 84/18/235
f 86/10/240 117/9/17 118/12/18 85/14/237
f 87/6/242 116/5/16 117/9/17 86/10/239
f 88/3/244 115/1/15 116/5/16 87/6/241
f 89/43/246 114/42/14 115/45/15 88/46/243
f 90/87/248 137/85/37 136/82/36 91/81/250
f 91/81/249 136/82/36 135/80/35 92/79/252
f 92/79/251 135/80/35 134/77/34 93/75/254
f 93/75/253 134/77/34 133/73/33 94/71/256
f 94/71/255 133/73/33 132/68/32 95/67/258
f 95/67/257 132/68/32 131/66/31 96/63/260
f 96/63/259 131/66/31 130/61/30 97/60/262
f 97/60/261 130/61/30 129/57/29 98/56/264
f 98/56/263 129/57/29 128/55/28 99/52/266
f 99/52/265 128/55/28 127/50/27 100/48/268
f 100/92/267 127/95/27 126/91/26 101/89/270
f 101/89/269 126/91/26 125/88/25 102/86/272
f 102/86/271 125/88/25 124/84/24 103/83/274
f 103/83/273 124/84/24 123/80/23 104/79/276
f 104/79/275 123/80/23 122/78/22 105/76/278
f 105/76/277 122/78/22 121/74/21 106/72/280
f 106/72/279 121/74/21 120/70/20 107/69/282
f 107/69/281 120/70/20 119/65/19 108/64/284
f 108/64/283 119/65/19 118/62/18 109/60/286
f 109/60/285 118/62/18 117/59/17 110/58/288
f 110/58/287 117/59/17 116/54/16 111/53/290
f 111/53/289 116/54/16 115/51/15 112/49/292
f 112/94/291 115/93/15 114/91/14 113/90/294
f 113/90/293 114/91/14 137/85/37 90/87/247
f 150/109/298 162/134/50 161/117/342
f 151/115/301 162/134/50 150/109/297
f 152/124/305 162/134/50 151/115/302
f 153/133/309 162/134/50 152/124/306
f 154/123/313 162/131/50 153/130/310
f 155/116/317 162/131/50 154/123/314
f 156/108/321 162/131/50 155/116/318
f 157/114/325 162/131/50 156/108/322
f 158/122/329 162/131/50 157/114/326
f 159/132/333 162/131/50 158/122/330
f 160/125/337 162/134/50 159/135/334
f 161/117/341 162/134/50 160/125/338
f 164/173/347 166/172/352 165/179/350 163/180/345
f 167/196/355 169/195/360 170/208/362 168/209/357
f 173/174/369 177/191/379 175/192/374 171/175/364
f 180/139/387 182/137/392 181/140/390 179/141/385
f 183/157/395 185/155/400 186/166/402 184/167/397
s 3
f 3/144/57 7/154/67 5/156/62 1/145/52
f 10/188/75 12/186/80 11/200/78 9/202/73
f 13/210/83 15/216/88 16/220/90 14/218/85
f 18/189/95 20/187/100 19/201/98 17/203/93
f 21/211/103 23/217/108 24/221/110 22/219/105
f 27/163/117 31/183/127 29/184/122 25/164/112
f 35/163/137 39/183/147 37/184/142 33/164/132
f 163/180/343 167/196/353 168/197/356 164/181/346
f 166/178/351 170/194/361 169/195/358 165/179/348
f 171/175/363 175/192/373 176/193/376 172/176/366
f 174/177/371 178/190/381 177/191/378 173/174/368
f 179/141/383 183/157/393 184/159/396 180/147/386
f 182/143/391 186/153/401 185/155/398 181/140/388
