# Exported from Wings 3D 1.5.4
mtllib spektr lab.mtl
o 1
#16 vertices, 10 faces
v -3.38555877 -0.47500000 0.83282802
v -3.43817774 -0.47500000 0.95986145
v -3.38555877 -0.27500000 0.83282802
v -3.43817774 -0.27500000 0.95986145
v -3.31626780 -0.47500000 0.86152927
v -3.36888677 -0.47500000 0.98856271
v -3.31626780 -0.27500000 0.86152927
v -3.36888677 -0.27500000 0.98856271
v -3.15000000 0.28750000 0.91250000
v -3.15000000 0.28750000 1.06250000
v -3.15000000 0.46250000 0.91250000
v -3.15000000 0.46250000 1.06250000
v -2.85000000 0.28750000 0.91250000
v -2.85000000 0.28750000 1.06250000
v -2.85000000 0.46250000 0.91250000
v -2.85000000 0.46250000 1.06250000
vt 0.50298650 0.83789106
vt 0.50298650 0.86730937
vt 0.50913643 0.78511800
vt 0.50913643 0.80473021
vt 0.51769566 0.82318190
vt 0.51769566 0.83789106
vt 0.51769566 0.86730937
vt 0.51769566 0.88201852
vt 0.52261982 0.77163461
vt 0.52261982 0.78511800
vt 0.52261982 0.80473021
vt 0.52261982 0.81821360
vt 0.52997440 0.77163461
vt 0.52997440 0.78511800
vt 0.52997440 0.80473021
vt 0.52997440 0.81821360
vt 0.53485634 0.82318190
vt 0.53485634 0.83789106
vt 0.53485634 0.86730937
vt 0.53485634 0.88201852
vt 0.54345779 0.78511800
vt 0.54345779 0.80473021
vt 0.54956549 0.83789106
vt 0.54956549 0.86730937
vn 0.0000000e+0 -1.00000000 0.0000000e+0
vn -0.92387953 0.0000000e+0 -0.38268343
vn 0.0000000e+0 -1.00000000 0.0000000e+0
vn -0.38268343 0.0000000e+0 0.92387953
vn -0.92387953 0.0000000e+0 -0.38268343
vn 0.0000000e+0 1.00000000 0.0000000e+0
vn -0.92387953 0.0000000e+0 -0.38268343
vn 0.0000000e+0 1.00000000 0.0000000e+0
vn -0.38268343 0.0000000e+0 0.92387953
vn -0.92387953 0.0000000e+0 -0.38268343
vn 0.0000000e+0 -1.00000000 0.0000000e+0
vn 0.92387953 0.0000000e+0 0.38268343
vn 0.0000000e+0 -1.00000000 0.0000000e+0
vn -0.38268343 0.0000000e+0 0.92387953
vn 0.92387953 0.0000000e+0 0.38268343
vn 0.0000000e+0 1.00000000 0.0000000e+0
vn 0.92387953 0.0000000e+0 0.38268343
vn 0.0000000e+0 1.00000000 0.0000000e+0
vn -0.38268343 0.0000000e+0 0.92387953
vn 0.92387953 0.0000000e+0 0.38268343
vn 0.0000000e+0 -1.00000000 0.0000000e+0
vn -1.00000000 0.0000000e+0 0.0000000e+0
vn 0.0000000e+0 -1.00000000 0.0000000e+0
vn 0.0000000e+0 0.0000000e+0 1.00000000
vn -1.00000000 0.0000000e+0 0.0000000e+0
vn 0.0000000e+0 1.00000000 0.0000000e+0
vn -1.00000000 0.0000000e+0 0.0000000e+0
vn 0.0000000e+0 1.00000000 0.0000000e+0
vn 0.0000000e+0 0.0000000e+0 1.00000000
vn -1.00000000 0.0000000e+0 0.0000000e+0
vn 0.0000000e+0 -1.00000000 0.0000000e+0
vn 1.00000000 0.0000000e+0 0.0000000e+0
vn 0.0000000e+0 -1.00000000 0.0000000e+0
vn 0.0000000e+0 0.0000000e+0 1.00000000
vn 1.00000000 0.0000000e+0 0.0000000e+0
vn 0.0000000e+0 1.00000000 0.0000000e+0
vn 1.00000000 0.0000000e+0 0.0000000e+0
vn 0.0000000e+0 1.00000000 0.0000000e+0
vn 0.0000000e+0 0.0000000e+0 1.00000000
vn 1.00000000 0.0000000e+0 0.0000000e+0
g 1_1_auv
usemtl 1_auv
s 1
f 1/9/1 5/13/11 6/14/13 2/10/3
f 4/11/8 8/15/18 7/16/16 3/12/6
f 9/23/21 13/24/31 14/19/33 10/18/23
f 12/6/28 16/7/38 15/2/36 11/1/26
s 2
f 2/10/5 4/11/10 3/4/7 1/3/2
f 5/21/12 7/22/17 8/15/20 6/14/15
f 10/18/25 12/6/30 11/5/27 9/17/22
f 13/20/32 15/8/37 16/7/40 14/19/35
s 3
f 2/10/4 6/14/14 8/15/19 4/11/9
f 10/18/24 14/19/34 16/7/39 12/6/29
